problems/10_1_100_1000.txt;10;1;1;8;71.87;497.00;862.00;2.219000;28.0
problems/10_2_100_1000.txt;10;1;1;8;81.48;168.00;332.00;1.909000;28.0
problems/10_3_100_1000.txt;10;1;1;8;87.08;162.00;595.00;2.697000;26.0
problems/10_4_100_1000.txt;10;1;1;8;78.17;398.00;767.00;1.740000;27.0
problems/10_5_100_1000.txt;10;1;1;8;75.62;244.00;535.00;2.172000;29.0
problems/10_8_100_1000.txt;10;1;1;8;75.85;285.00;694.00;1.993000;28.0
problems/10_9_100_1000.txt;10;1;1;8;84.63;233.00;636.00;1.381000;27.0
problems/10_10_100_1000.txt;10;1;1;8;81.88;168.00;410.00;1.476000;28.0
problems/12_3_100_1000.txt;12;1;1;8;91.60;203.00;944.00;10.909000;24.3
problems/12_4_100_1000.txt;12;1;1;8;84.24;197.00;648.00;8.870000;19.4
problems/12_5_100_1000.txt;12;1;1;8;82.99;413.00;1178.00;13.151000;24.3
problems/12_8_100_1000.txt;12;1;1;8;85.43;244.00;575.00;4.539000;23.6
problems/12_9_100_1000.txt;12;1;1;8;84.54;381.00;1041.00;7.963000;22.2
problems/12_10_100_1000.txt;12;1;1;8;68.59;397.00;899.00;4.132000;14.6
problems/15_1_100_1000.txt;15;1;1;8;88.02;300.00;1066.00;78.008000;19.1
problems/15_2_100_1000.txt;15;1;1;8;87.89;249.00;643.00;100.892000;19.1
problems/15_3_100_1000.txt;15;1;1;8;91.11;165.00;685.00;111.951000;18.2
problems/15_4_100_1000.txt;15;1;1;8;90.41;209.00;781.00;115.568000;18.2
problems/15_5_100_1000.txt;15;1;1;8;92.09;308.00;945.00;99.942000;19.1
problems/15_6_100_1000.txt;15;1;1;8;67.67;711.00;1121.00;113.978000;19.1
problems/15_7_100_1000.txt;15;1;1;8;85.34;424.00;944.00;93.275000;19.1
problems/15_10_100_1000.txt;15;1;1;8;85.80;358.00;1181.00;122.354000;18.7
problems/20_1_100_1000.txt;20;1;1;8;92.68;242.00;1483.00;162.374000;14.2
problems/20_3_100_1000.txt;20;1;1;8;87.94;541.00;1822.00;214.506000;14.0
problems/20_4_100_1000.txt;20;1;1;8;89.24;351.00;1538.00;216.332000;13.8
problems/20_5_100_1000.txt;20;1;1;8;83.37;499.00;1537.00;180.293000;13.8
problems/20_6_100_1000.txt;20;1;1;8;89.40;473.00;1400.00;163.182000;14.0
problems/20_7_100_1000.txt;20;1;1;8;87.60;457.00;2005.00;73.643000;14.0
problems/20_9_100_1000.txt;20;1;1;8;88.35;581.00;2093.00;151.512000;14.5
problems/20_10_100_1000.txt;20;1;1;8;82.53;292.00;921.00;170.993000;12.8
problems/25_1_100_1000.txt;25;1;1;8;92.10;443.00;2021.00;181.757000;11.2
problems/25_3_100_1000.txt;25;1;1;8;91.93;288.00;1379.00;164.281000;11.5
problems/25_4_100_1000.txt;25;1;1;8;87.51;568.00;2282.00;105.015000;11.2
problems/25_7_100_1000.txt;25;1;1;8;93.92;446.00;2771.00;150.198000;10.9
problems/25_10_100_1000.txt;25;1;1;8;93.17;386.00;1931.00;212.030000;11.5
problems/10_1_100_1000.txt;10;1;1;1;71.87;497.00;803.00;2.975000;28.0
problems/10_2_100_1000.txt;10;1;1;1;81.48;168.00;332.00;2.249000;28.0
problems/10_3_100_1000.txt;10;1;1;1;87.08;162.00;595.00;2.552000;26.0
problems/10_4_100_1000.txt;10;1;1;1;78.17;398.00;767.00;1.699000;27.0
problems/10_5_100_1000.txt;10;1;1;1;75.62;244.00;1001.00;0.152000;29.0
problems/10_8_100_1000.txt;10;1;1;1;75.85;285.00;694.00;2.696000;28.0
problems/10_9_100_1000.txt;10;1;1;1;84.63;233.00;636.00;1.706000;27.0
problems/10_10_100_1000.txt;10;1;1;1;81.88;168.00;410.00;1.480000;28.0
problems/12_3_100_1000.txt;12;1;1;1;91.60;203.00;915.00;5.393000;24.3
problems/12_4_100_1000.txt;12;1;1;1;84.24;197.00;599.00;5.117000;19.4
problems/12_5_100_1000.txt;12;1;1;1;82.99;413.00;1178.00;4.825000;24.3
problems/12_8_100_1000.txt;12;1;1;1;85.43;244.00;575.00;4.702000;23.6
problems/12_9_100_1000.txt;12;1;1;1;84.54;381.00;1041.00;3.806000;22.2
problems/12_10_100_1000.txt;12;1;1;1;68.59;397.00;899.00;2.282000;14.6
problems/15_1_100_1000.txt;15;1;1;1;88.02;300.00;1066.00;76.872000;19.1
problems/15_2_100_1000.txt;15;1;1;1;87.89;249.00;643.00;56.539000;19.1
problems/15_3_100_1000.txt;15;1;1;1;91.11;165.00;685.00;57.563000;18.2
problems/15_4_100_1000.txt;15;1;1;1;90.41;209.00;781.00;64.050000;18.2
problems/15_5_100_1000.txt;15;1;1;1;92.09;308.00;945.00;39.490000;19.1
problems/15_6_100_1000.txt;15;1;1;1;67.67;711.00;1121.00;56.584000;19.1
problems/15_7_100_1000.txt;15;1;1;1;85.34;424.00;944.00;66.770000;19.1
problems/15_10_100_1000.txt;15;1;1;1;85.80;358.00;1170.00;106.068000;18.7
problems/20_1_100_1000.txt;20;1;1;1;92.68;242.00;1435.00;226.737000;14.2
problems/20_3_100_1000.txt;20;1;1;1;87.94;541.00;1815.00;131.345000;14.0
problems/20_4_100_1000.txt;20;1;1;1;89.24;351.00;1581.00;86.457000;13.8
problems/20_5_100_1000.txt;20;1;1;1;83.37;499.00;1606.00;65.085000;13.8
problems/20_6_100_1000.txt;20;1;1;1;89.40;473.00;1400.00;103.171000;14.0
problems/20_7_100_1000.txt;20;1;1;1;87.60;457.00;1953.00;117.853000;14.0
problems/20_9_100_1000.txt;20;1;1;1;88.35;581.00;1789.00;123.302000;14.5
problems/20_10_100_1000.txt;20;1;1;1;82.53;292.00;921.00;97.518000;12.8
problems/25_1_100_1000.txt;25;1;1;1;92.10;443.00;1975.00;164.408000;11.2
problems/25_3_100_1000.txt;25;1;1;1;91.93;288.00;3569.00;0.679000;11.5
problems/25_4_100_1000.txt;25;1;1;1;87.51;568.00;2266.00;115.326000;11.2
problems/25_7_100_1000.txt;25;1;1;1;93.92;446.00;2576.00;175.467000;10.9
problems/25_10_100_1000.txt;25;1;1;1;93.17;386.00;1729.00;287.703000;11.5
problems/10_1_100_1000.txt;10;0;1;1;100.00;0.00;803.00;3.921000;0.0
problems/10_2_100_1000.txt;10;0;1;1;100.00;0.00;332.00;1.016000;0.0
problems/10_3_100_1000.txt;10;0;1;1;100.00;0.00;595.00;4.393000;0.0
problems/10_4_100_1000.txt;10;0;1;1;100.00;0.00;767.00;1.711000;0.0
problems/10_5_100_1000.txt;10;0;1;1;100.00;0.00;535.00;4.490000;0.0
problems/10_8_100_1000.txt;10;0;1;1;100.00;0.00;694.00;1.771000;0.0
problems/10_9_100_1000.txt;10;0;1;1;100.00;0.00;636.00;5.661000;0.0
problems/10_10_100_1000.txt;10;0;1;1;100.00;0.00;410.00;0.565000;0.0
problems/12_3_100_1000.txt;12;0;1;1;100.00;0.00;915.00;93.282000;0.0
problems/12_4_100_1000.txt;12;0;1;1;100.00;0.00;592.00;300.010000;0.0
problems/12_5_100_1000.txt;12;0;1;1;100.00;0.00;1178.00;300.006000;0.0
problems/12_8_100_1000.txt;12;0;1;1;100.00;0.00;575.00;49.942000;0.0
problems/12_9_100_1000.txt;12;0;1;1;100.00;0.00;1032.00;47.855000;0.0
problems/12_10_100_1000.txt;12;0;1;1;100.00;0.00;899.00;64.057000;0.0
problems/15_1_100_1000.txt;15;0;1;1;100.00;0.00;1066.00;300.008000;0.0
problems/15_2_100_1000.txt;15;0;1;1;100.00;0.00;643.00;300.013000;0.0
problems/15_3_100_1000.txt;15;0;1;1;100.00;0.00;685.00;300.009000;0.0
problems/15_4_100_1000.txt;15;0;1;1;100.00;0.00;781.00;300.009000;0.0
problems/15_5_100_1000.txt;15;0;1;1;100.00;0.00;945.00;300.007000;0.0
problems/15_6_100_1000.txt;15;0;1;1;100.00;0.00;1121.00;300.009000;0.0
problems/15_7_100_1000.txt;15;0;1;1;100.00;0.00;944.00;300.010000;0.0
problems/15_10_100_1000.txt;15;0;1;1;100.00;0.00;1177.00;300.009000;0.0
problems/20_1_100_1000.txt;20;0;1;1;100.00;0.00;1394.00;300.012000;0.0
problems/20_3_100_1000.txt;20;0;1;1;100.00;0.00;1822.00;300.023000;0.0
problems/20_4_100_1000.txt;20;0;1;1;100.00;0.00;1504.00;300.011000;0.0
problems/20_5_100_1000.txt;20;0;1;1;100.00;0.00;1563.00;300.008000;0.0
problems/20_6_100_1000.txt;20;0;1;1;100.00;0.00;1389.00;300.015000;0.0
problems/20_7_100_1000.txt;20;0;1;1;100.00;0.00;1848.00;300.008000;0.0
problems/20_9_100_1000.txt;20;0;1;1;100.00;0.00;1789.00;300.015000;0.0
problems/20_10_100_1000.txt;20;0;1;1;100.00;0.00;921.00;300.011000;0.0
problems/25_1_100_1000.txt;25;0;1;1;100.00;0.00;1911.00;300.019000;0.0
problems/25_3_100_1000.txt;25;0;1;1;100.00;0.00;1347.00;300.014000;0.0
problems/25_4_100_1000.txt;25;0;1;1;100.00;0.00;2043.00;300.013000;0.0
problems/25_7_100_1000.txt;25;0;1;1;100.00;0.00;2489.00;300.011000;0.0
problems/25_10_100_1000.txt;25;0;1;1;100.00;0.00;1753.00;300.010000;0.0

--------------------------------------------------------------------------------
problems/10_1_100_1000.txt;10;1;1;8;71.87;497.00;862.00;2.398000;28.0
problems/10_2_100_1000.txt;10;1;1;8;81.48;168.00;332.00;1.817000;28.0
problems/10_3_100_1000.txt;10;1;1;8;87.08;162.00;595.00;3.060000;26.0
problems/10_4_100_1000.txt;10;1;1;8;78.17;398.00;767.00;1.815000;27.0
problems/10_5_100_1000.txt;10;1;1;8;75.62;244.00;535.00;2.529000;29.0
problems/10_8_100_1000.txt;10;1;1;8;75.85;285.00;694.00;2.284000;28.0
problems/10_9_100_1000.txt;10;1;1;8;84.63;233.00;636.00;1.422000;27.0
problems/10_10_100_1000.txt;10;1;1;8;81.88;168.00;410.00;1.573000;28.0
problems/12_3_100_1000.txt;12;1;1;8;91.60;203.00;944.00;9.539000;24.3
problems/12_4_100_1000.txt;12;1;1;8;84.24;197.00;648.00;10.128000;19.4
problems/12_5_100_1000.txt;12;1;1;8;82.99;413.00;1178.00;15.725000;24.3
problems/12_8_100_1000.txt;12;1;1;8;85.43;244.00;575.00;4.806000;23.6
problems/12_9_100_1000.txt;12;1;1;8;84.54;381.00;1041.00;9.322000;22.2
problems/12_10_100_1000.txt;12;1;1;8;68.59;397.00;899.00;3.975000;14.6
problems/15_1_100_1000.txt;15;1;1;8;88.02;300.00;1066.00;82.464000;19.1
problems/15_2_100_1000.txt;15;1;1;8;87.89;249.00;643.00;108.738000;19.1
problems/15_3_100_1000.txt;15;1;1;8;91.11;165.00;685.00;131.095000;18.2
problems/15_4_100_1000.txt;15;1;1;8;90.41;209.00;781.00;117.734000;18.2
problems/15_5_100_1000.txt;15;1;1;8;92.09;308.00;945.00;114.445000;19.1
problems/15_6_100_1000.txt;15;1;1;8;67.67;711.00;1121.00;119.740000;19.1
problems/15_7_100_1000.txt;15;1;1;8;85.34;424.00;944.00;85.724000;19.1
problems/15_10_100_1000.txt;15;1;1;8;85.80;358.00;1195.00;70.572000;18.7
problems/20_1_100_1000.txt;20;1;1;8;92.68;242.00;1487.00;175.618000;14.2
problems/20_3_100_1000.txt;20;1;1;8;87.94;541.00;2022.00;162.876000;14.0
problems/20_4_100_1000.txt;20;1;1;8;89.24;351.00;1504.00;170.389000;13.8
problems/20_5_100_1000.txt;20;1;1;8;83.37;499.00;1693.00;111.119000;13.8
problems/20_6_100_1000.txt;20;1;1;8;89.40;473.00;1400.00;185.662000;14.0
problems/20_7_100_1000.txt;20;1;1;8;87.60;457.00;1867.00;152.364000;14.0
problems/20_9_100_1000.txt;20;1;1;8;88.35;581.00;1899.00;183.733000;14.5
problems/20_10_100_1000.txt;20;1;1;8;82.53;292.00;921.00;104.895000;12.8
problems/25_1_100_1000.txt;25;1;1;8;92.10;443.00;2092.00;204.408000;11.2
problems/25_3_100_1000.txt;25;1;1;8;91.93;288.00;1477.00;133.466000;11.5
problems/25_4_100_1000.txt;25;1;1;8;87.51;568.00;2165.00;128.400000;11.2
problems/25_7_100_1000.txt;25;1;1;8;93.92;446.00;2461.00;265.231000;10.9
problems/25_10_100_1000.txt;25;1;1;8;93.17;386.00;1820.00;170.804000;11.5
problems/10_1_100_1000.txt;10;1;1;1;71.87;497.00;803.00;2.369000;28.0
problems/10_2_100_1000.txt;10;1;1;1;81.48;168.00;332.00;2.178000;28.0
problems/10_3_100_1000.txt;10;1;1;1;87.08;162.00;595.00;2.052000;26.0
problems/10_4_100_1000.txt;10;1;1;1;78.17;398.00;767.00;1.433000;27.0
problems/10_5_100_1000.txt;10;1;1;1;75.62;244.00;1001.00;0.162000;29.0
problems/10_8_100_1000.txt;10;1;1;1;75.85;285.00;694.00;1.978000;28.0
problems/10_9_100_1000.txt;10;1;1;1;84.63;233.00;636.00;1.371000;27.0
problems/10_10_100_1000.txt;10;1;1;1;81.88;168.00;410.00;1.477000;28.0
problems/12_3_100_1000.txt;12;1;1;1;91.60;203.00;915.00;5.815000;24.3
problems/12_4_100_1000.txt;12;1;1;1;84.24;197.00;599.00;5.613000;19.4
problems/12_5_100_1000.txt;12;1;1;1;82.99;413.00;1178.00;5.555000;24.3
problems/12_8_100_1000.txt;12;1;1;1;85.43;244.00;575.00;5.445000;23.6
problems/12_9_100_1000.txt;12;1;1;1;84.54;381.00;1041.00;3.508000;22.2
problems/12_10_100_1000.txt;12;1;1;1;68.59;397.00;899.00;2.215000;14.6
problems/15_1_100_1000.txt;15;1;1;1;88.02;300.00;1066.00;79.068000;19.1
problems/15_2_100_1000.txt;15;1;1;1;87.89;249.00;643.00;57.580000;19.1
problems/15_3_100_1000.txt;15;1;1;1;91.11;165.00;685.00;53.946000;18.2
problems/15_4_100_1000.txt;15;1;1;1;90.41;209.00;781.00;57.079000;18.2
problems/15_5_100_1000.txt;15;1;1;1;92.09;308.00;945.00;35.393000;19.1
problems/15_6_100_1000.txt;15;1;1;1;67.67;711.00;1121.00;52.250000;19.1
problems/15_7_100_1000.txt;15;1;1;1;85.34;424.00;944.00;61.658000;19.1
problems/15_10_100_1000.txt;15;1;1;1;85.80;358.00;1170.00;76.381000;18.7
problems/20_1_100_1000.txt;20;1;1;1;92.68;242.00;1435.00;208.695000;14.2
problems/20_3_100_1000.txt;20;1;1;1;87.94;541.00;1815.00;124.941000;14.0
problems/20_4_100_1000.txt;20;1;1;1;89.24;351.00;1581.00;64.628000;13.8
problems/20_5_100_1000.txt;20;1;1;1;83.37;499.00;1606.00;97.938000;13.8
problems/20_6_100_1000.txt;20;1;1;1;89.40;473.00;1400.00;104.721000;14.0
problems/20_7_100_1000.txt;20;1;1;1;87.60;457.00;1979.00;134.581000;14.0
problems/20_9_100_1000.txt;20;1;1;1;88.35;581.00;1789.00;121.526000;14.5
problems/20_10_100_1000.txt;20;1;1;1;82.53;292.00;921.00;92.248000;12.8
problems/25_1_100_1000.txt;25;1;1;1;92.10;443.00;2001.00;175.092000;11.2
problems/25_3_100_1000.txt;25;1;1;1;91.93;288.00;3569.00;0.574000;11.5
problems/25_4_100_1000.txt;25;1;1;1;87.51;568.00;2204.00;160.353000;11.2
problems/25_7_100_1000.txt;25;1;1;1;93.92;446.00;2460.00;214.075000;10.9
problems/25_10_100_1000.txt;25;1;1;1;93.17;386.00;2216.00;114.856000;11.5
problems/10_1_100_1000.txt;10;0;1;1;100.00;0.00;803.00;2.495000;0.0
problems/10_2_100_1000.txt;10;0;1;1;100.00;0.00;332.00;0.719000;0.0
problems/10_3_100_1000.txt;10;0;1;1;100.00;0.00;595.00;3.365000;0.0
problems/10_4_100_1000.txt;10;0;1;1;100.00;0.00;767.00;1.498000;0.0
problems/10_5_100_1000.txt;10;0;1;1;100.00;0.00;535.00;3.749000;0.0
problems/10_8_100_1000.txt;10;0;1;1;100.00;0.00;694.00;1.836000;0.0
problems/10_9_100_1000.txt;10;0;1;1;100.00;0.00;636.00;5.448000;0.0
problems/10_10_100_1000.txt;10;0;1;1;100.00;0.00;410.00;0.606000;0.0
problems/12_3_100_1000.txt;12;0;1;1;100.00;0.00;915.00;82.101000;0.0
problems/12_4_100_1000.txt;12;0;1;1;100.00;0.00;599.00;200.008000;0.0
problems/12_5_100_1000.txt;12;0;1;1;100.00;0.00;1178.00;200.006000;0.0
problems/12_8_100_1000.txt;12;0;1;1;100.00;0.00;575.00;45.005000;0.0
problems/12_9_100_1000.txt;12;0;1;1;100.00;0.00;1032.00;39.532000;0.0
problems/12_10_100_1000.txt;12;0;1;1;100.00;0.00;899.00;56.038000;0.0
problems/15_1_100_1000.txt;15;0;1;1;100.00;0.00;1066.00;200.010000;0.0
problems/15_2_100_1000.txt;15;0;1;1;100.00;0.00;648.00;200.010000;0.0
problems/15_3_100_1000.txt;15;0;1;1;100.00;0.00;685.00;200.008000;0.0
problems/15_4_100_1000.txt;15;0;1;1;100.00;0.00;781.00;200.008000;0.0
problems/15_5_100_1000.txt;15;0;1;1;100.00;0.00;945.00;200.007000;0.0
problems/15_6_100_1000.txt;15;0;1;1;100.00;0.00;1121.00;200.009000;0.0
problems/15_7_100_1000.txt;15;0;1;1;100.00;0.00;944.00;200.020000;0.0
problems/15_10_100_1000.txt;15;0;1;1;100.00;0.00;1170.00;200.012000;0.0
problems/20_1_100_1000.txt;20;0;1;1;100.00;0.00;1535.00;200.044000;0.0
problems/20_3_100_1000.txt;20;0;1;1;100.00;0.00;1822.00;200.011000;0.0
problems/20_4_100_1000.txt;20;0;1;1;100.00;0.00;1504.00;200.010000;0.0
problems/20_5_100_1000.txt;20;0;1;1;100.00;0.00;1610.00;200.009000;0.0
problems/20_6_100_1000.txt;20;0;1;1;100.00;0.00;1407.00;200.008000;0.0
problems/20_7_100_1000.txt;20;0;1;1;100.00;0.00;1848.00;200.009000;0.0
problems/20_9_100_1000.txt;20;0;1;1;100.00;0.00;1873.00;200.007000;0.0
problems/20_10_100_1000.txt;20;0;1;1;100.00;0.00;921.00;200.010000;0.0
problems/25_1_100_1000.txt;25;0;1;1;100.00;0.00;1983.00;200.010000;0.0
problems/25_3_100_1000.txt;25;0;1;1;100.00;0.00;1351.00;200.014000;0.0
problems/25_4_100_1000.txt;25;0;1;1;100.00;0.00;2146.00;200.010000;0.0
problems/25_7_100_1000.txt;25;0;1;1;100.00;0.00;2489.00;200.008000;0.0
problems/25_10_100_1000.txt;25;0;1;1;100.00;0.00;1757.00;200.026000;0.0

________________________________________________________________________________
problems/10_1_100_1000.txt;10;1;1;8;71.87;497.00;862.00;2.135000;28.0
problems/10_2_100_1000.txt;10;1;1;8;81.48;168.00;332.00;1.711000;28.0
problems/10_3_100_1000.txt;10;1;1;8;87.08;162.00;595.00;2.372000;26.0
problems/10_4_100_1000.txt;10;1;1;8;78.17;398.00;767.00;1.649000;27.0
problems/10_5_100_1000.txt;10;1;1;8;75.62;244.00;535.00;1.931000;29.0
problems/10_8_100_1000.txt;10;1;1;8;75.85;285.00;694.00;1.987000;28.0
problems/10_9_100_1000.txt;10;1;1;8;84.63;233.00;636.00;1.264000;27.0
problems/10_10_100_1000.txt;10;1;1;8;81.88;168.00;410.00;1.506000;28.0
problems/12_3_100_1000.txt;12;1;1;8;91.60;203.00;944.00;8.686000;24.3
problems/12_4_100_1000.txt;12;1;1;8;84.24;197.00;648.00;9.003000;19.4
problems/12_5_100_1000.txt;12;1;1;8;82.99;413.00;1178.00;14.200000;24.3
problems/12_8_100_1000.txt;12;1;1;8;85.43;244.00;575.00;5.130000;23.6
problems/12_9_100_1000.txt;12;1;1;8;84.54;381.00;1041.00;9.288000;22.2
problems/12_10_100_1000.txt;12;1;1;8;68.59;397.00;899.00;4.325000;14.6
problems/15_1_100_1000.txt;15;1;1;8;88.02;300.00;1066.00;75.137000;19.1
problems/15_2_100_1000.txt;15;1;1;8;87.89;249.00;643.00;98.517000;19.1
problems/15_3_100_1000.txt;15;1;1;8;91.11;165.00;712.00;127.186000;18.2
problems/15_4_100_1000.txt;15;1;1;8;90.41;209.00;781.00;112.224000;18.2
problems/15_5_100_1000.txt;15;1;1;8;92.09;308.00;945.00;116.362000;19.1
problems/15_6_100_1000.txt;15;1;1;8;67.67;711.00;1121.00;119.571000;19.1
problems/15_7_100_1000.txt;15;1;1;8;85.34;424.00;944.00;84.971000;19.1
problems/15_10_100_1000.txt;15;1;1;8;85.80;358.00;1195.00;97.447000;18.7
problems/20_1_100_1000.txt;20;1;1;8;92.68;242.00;1345.00;252.808000;14.2
problems/20_3_100_1000.txt;20;1;1;8;87.94;541.00;2164.00;77.297000;14.0
problems/20_4_100_1000.txt;20;1;1;8;89.24;351.00;1504.00;159.440000;13.8
problems/20_5_100_1000.txt;20;1;1;8;83.37;499.00;1832.00;95.429000;13.8
problems/20_6_100_1000.txt;20;1;1;8;89.40;473.00;1685.00;80.102000;14.0
problems/20_7_100_1000.txt;20;1;1;8;87.60;457.00;2029.00;80.409000;14.0
problems/20_9_100_1000.txt;20;1;1;8;88.35;581.00;1825.00;132.037000;14.5
problems/20_10_100_1000.txt;20;1;1;8;82.53;292.00;921.00;95.503000;12.8
problems/25_1_100_1000.txt;25;1;1;8;92.10;443.00;2156.00;227.055000;11.2
problems/25_3_100_1000.txt;25;1;1;8;91.93;288.00;1474.00;92.223000;11.5
problems/25_4_100_1000.txt;25;1;1;8;87.51;568.00;2071.00;115.208000;11.2
problems/25_7_100_1000.txt;25;1;1;8;93.92;446.00;2647.00;209.240000;10.9
problems/25_10_100_1000.txt;25;1;1;8;93.17;386.00;1768.00;261.937000;11.5
problems/10_1_100_1000.txt;10;1;1;1;71.87;497.00;803.00;3.470000;28.0
problems/10_2_100_1000.txt;10;1;1;1;81.48;168.00;332.00;3.325000;28.0
problems/10_3_100_1000.txt;10;1;1;1;87.08;162.00;595.00;4.918000;26.0
problems/10_4_100_1000.txt;10;1;1;1;78.17;398.00;767.00;2.559000;27.0
problems/10_5_100_1000.txt;10;1;1;1;75.62;244.00;1001.00;0.262000;29.0
problems/10_8_100_1000.txt;10;1;1;1;75.85;285.00;694.00;3.159000;28.0
problems/10_9_100_1000.txt;10;1;1;1;84.63;233.00;636.00;2.254000;27.0
problems/10_10_100_1000.txt;10;1;1;1;81.88;168.00;410.00;2.048000;28.0
problems/12_3_100_1000.txt;12;1;1;1;91.60;203.00;915.00;6.144000;24.3
problems/12_4_100_1000.txt;12;1;1;1;84.24;197.00;599.00;6.143000;19.4
problems/12_5_100_1000.txt;12;1;1;1;82.99;413.00;1178.00;5.535000;24.3
problems/12_8_100_1000.txt;12;1;1;1;85.43;244.00;575.00;7.259000;23.6
problems/12_9_100_1000.txt;12;1;1;1;84.54;381.00;1041.00;5.408000;22.2
problems/12_10_100_1000.txt;12;1;1;1;68.59;397.00;899.00;2.857000;14.6
problems/15_1_100_1000.txt;15;1;1;1;88.02;300.00;1066.00;87.644000;19.1
problems/15_2_100_1000.txt;15;1;1;1;87.89;249.00;643.00;61.671000;19.1
problems/15_3_100_1000.txt;15;1;1;1;91.11;165.00;685.00;51.662000;18.2
problems/15_4_100_1000.txt;15;1;1;1;90.41;209.00;781.00;72.015000;18.2
problems/15_5_100_1000.txt;15;1;1;1;92.09;308.00;945.00;40.081000;19.1
problems/15_6_100_1000.txt;15;1;1;1;67.67;711.00;1121.00;56.612000;19.1
problems/15_7_100_1000.txt;15;1;1;1;85.34;424.00;944.00;62.733000;19.1
problems/15_10_100_1000.txt;15;1;1;1;85.80;358.00;1170.00;52.762000;18.7
problems/20_1_100_1000.txt;20;1;1;1;92.68;242.00;1460.00;211.212000;14.2
problems/20_3_100_1000.txt;20;1;1;1;87.94;541.00;1815.00;112.561000;14.0
problems/20_4_100_1000.txt;20;1;1;1;89.24;351.00;1504.00;118.425000;13.8
problems/20_5_100_1000.txt;20;1;1;1;83.37;499.00;1617.00;155.392000;13.8
problems/20_6_100_1000.txt;20;1;1;1;89.40;473.00;1400.00;102.096000;14.0
problems/20_7_100_1000.txt;20;1;1;1;87.60;457.00;1953.00;121.456000;14.0
problems/20_9_100_1000.txt;20;1;1;1;88.35;581.00;1789.00;128.362000;14.5
problems/20_10_100_1000.txt;20;1;1;1;82.53;292.00;921.00;95.851000;12.8
problems/25_1_100_1000.txt;25;1;1;1;92.10;443.00;2080.00;140.547000;11.2
problems/25_3_100_1000.txt;25;1;1;1;91.93;288.00;3569.00;0.626000;11.5
problems/25_4_100_1000.txt;25;1;1;1;87.51;568.00;2239.00;119.092000;11.2
problems/25_7_100_1000.txt;25;1;1;1;93.92;446.00;3499.00;118.203000;10.9
problems/25_10_100_1000.txt;25;1;1;1;93.17;386.00;1825.00;213.705000;11.5

________________________________________________________________________________
problems/10_1_100_1000.txt;10;1;1;8;71.87;497.00;862.00;2.144000;28.0
problems/10_2_100_1000.txt;10;1;1;8;81.48;168.00;332.00;1.859000;28.0
problems/10_3_100_1000.txt;10;1;1;8;87.08;162.00;595.00;2.655000;26.0
problems/10_4_100_1000.txt;10;1;1;8;78.17;398.00;767.00;1.779000;27.0
problems/10_5_100_1000.txt;10;1;1;8;75.62;244.00;535.00;2.139000;29.0
problems/10_8_100_1000.txt;10;1;1;8;75.85;285.00;694.00;2.623000;28.0
problems/10_9_100_1000.txt;10;1;1;8;84.63;233.00;636.00;1.394000;27.0
problems/10_10_100_1000.txt;10;1;1;8;81.88;168.00;410.00;1.811000;28.0
problems/12_3_100_1000.txt;12;1;1;8;91.60;203.00;944.00;9.226000;24.3
problems/12_4_100_1000.txt;12;1;1;8;84.24;197.00;648.00;8.492000;19.4
problems/12_5_100_1000.txt;12;1;1;8;82.99;413.00;1178.00;15.401000;24.3
problems/12_8_100_1000.txt;12;1;1;8;85.43;244.00;575.00;5.011000;23.6
problems/12_9_100_1000.txt;12;1;1;8;84.54;381.00;1041.00;7.481000;22.2
problems/12_10_100_1000.txt;12;1;1;8;68.59;397.00;899.00;3.787000;14.6
problems/15_1_100_1000.txt;15;1;1;8;88.02;300.00;1066.00;72.954000;19.1
problems/15_2_100_1000.txt;15;1;1;8;87.89;249.00;643.00;100.646000;19.1
problems/15_3_100_1000.txt;15;1;1;8;91.11;165.00;712.00;106.936000;18.2
problems/15_4_100_1000.txt;15;1;1;8;90.41;209.00;781.00;113.604000;18.2
problems/15_5_100_1000.txt;15;1;1;8;92.09;308.00;945.00;119.609000;19.1
problems/15_6_100_1000.txt;15;1;1;8;67.67;711.00;1121.00;116.044000;19.1
problems/15_7_100_1000.txt;15;1;1;8;85.34;424.00;944.00;86.541000;19.1
problems/15_10_100_1000.txt;15;1;1;8;85.80;358.00;1181.00;122.770000;18.7
problems/20_1_100_1000.txt;20;1;1;8;92.68;242.00;1467.00;152.344000;14.2
problems/20_3_100_1000.txt;20;1;1;8;87.94;541.00;1890.00;183.768000;14.0
problems/20_4_100_1000.txt;20;1;1;8;89.24;351.00;1621.00;122.462000;13.8
problems/20_5_100_1000.txt;20;1;1;8;83.37;499.00;1617.00;143.656000;13.8
problems/20_6_100_1000.txt;20;1;1;8;89.40;473.00;1702.00;137.712000;14.0
problems/20_7_100_1000.txt;20;1;1;8;87.60;457.00;1902.00;171.647000;14.0
problems/20_9_100_1000.txt;20;1;1;8;88.35;581.00;1789.00;193.328000;14.5
problems/20_10_100_1000.txt;20;1;1;8;82.53;292.00;921.00;105.443000;12.8
problems/25_1_100_1000.txt;25;1;1;8;92.10;443.00;2449.00;154.391000;11.2
problems/25_3_100_1000.txt;25;1;1;8;91.93;288.00;1349.00;163.797000;11.5
problems/25_4_100_1000.txt;25;1;1;8;87.51;568.00;2062.00;237.719000;11.2
problems/25_7_100_1000.txt;25;1;1;8;93.92;446.00;2709.00;194.168000;10.9
problems/25_10_100_1000.txt;25;1;1;8;93.17;386.00;1971.00;193.545000;11.5
problems/10_1_100_1000.txt;10;1;1;1;71.87;497.00;803.00;2.285000;28.0
problems/10_2_100_1000.txt;10;1;1;1;81.48;168.00;332.00;2.081000;28.0
problems/10_3_100_1000.txt;10;1;1;1;87.08;162.00;595.00;2.003000;26.0
problems/10_4_100_1000.txt;10;1;1;1;78.17;398.00;767.00;1.454000;27.0
problems/10_5_100_1000.txt;10;1;1;1;75.62;244.00;1001.00;0.297000;29.0
problems/10_8_100_1000.txt;10;1;1;1;75.85;285.00;694.00;2.205000;28.0
problems/10_9_100_1000.txt;10;1;1;1;84.63;233.00;636.00;1.393000;27.0
problems/10_10_100_1000.txt;10;1;1;1;81.88;168.00;410.00;1.459000;28.0
problems/12_3_100_1000.txt;12;1;1;1;91.60;203.00;915.00;5.561000;24.3
problems/12_4_100_1000.txt;12;1;1;1;84.24;197.00;599.00;4.549000;19.4
problems/12_5_100_1000.txt;12;1;1;1;82.99;413.00;1178.00;4.817000;24.3
problems/12_8_100_1000.txt;12;1;1;1;85.43;244.00;575.00;4.364000;23.6
problems/12_9_100_1000.txt;12;1;1;1;84.54;381.00;1041.00;3.442000;22.2
problems/12_10_100_1000.txt;12;1;1;1;68.59;397.00;899.00;2.204000;14.6
problems/15_1_100_1000.txt;15;1;1;1;88.02;300.00;1066.00;72.294000;19.1
problems/15_2_100_1000.txt;15;1;1;1;87.89;249.00;643.00;58.977000;19.1
problems/15_3_100_1000.txt;15;1;1;1;91.11;165.00;685.00;49.849000;18.2
problems/15_4_100_1000.txt;15;1;1;1;90.41;209.00;781.00;58.810000;18.2
problems/15_5_100_1000.txt;15;1;1;1;92.09;308.00;945.00;34.240000;19.1
problems/15_6_100_1000.txt;15;1;1;1;67.67;711.00;1121.00;53.293000;19.1
problems/15_7_100_1000.txt;15;1;1;1;85.34;424.00;944.00;61.500000;19.1
problems/15_10_100_1000.txt;15;1;1;1;85.80;358.00;1170.00;104.540000;18.7
problems/20_1_100_1000.txt;20;1;1;1;92.68;242.00;1483.00;161.451000;14.2
problems/20_3_100_1000.txt;20;1;1;1;87.94;541.00;1815.00;87.313000;14.0
problems/20_4_100_1000.txt;20;1;1;1;89.24;351.00;1562.00;79.575000;13.8
problems/20_5_100_1000.txt;20;1;1;1;83.37;499.00;1617.00;114.481000;13.8
problems/20_6_100_1000.txt;20;1;1;1;89.40;473.00;1400.00;99.413000;14.0
problems/20_7_100_1000.txt;20;1;1;1;87.60;457.00;1953.00;107.426000;14.0
problems/20_9_100_1000.txt;20;1;1;1;88.35;581.00;1789.00;114.049000;14.5
problems/20_10_100_1000.txt;20;1;1;1;82.53;292.00;921.00;91.157000;12.8
problems/25_1_100_1000.txt;25;1;1;1;92.10;443.00;2020.00;242.080000;11.2
problems/25_3_100_1000.txt;25;1;1;1;91.93;288.00;3569.00;0.616000;11.5
problems/25_4_100_1000.txt;25;1;1;1;87.51;568.00;3190.00;75.491000;11.2
problems/25_7_100_1000.txt;25;1;1;1;93.92;446.00;2653.00;210.268000;10.9
problems/25_10_100_1000.txt;25;1;1;1;93.17;386.00;2082.00;172.099000;11.5
problems/60_1_100_1000.txt;60;1;1;8;99.67;61.00;14959.00;129.774000;5.0
problems/60_1_100_1000.txt;60;1;1;1;99.67;61.00;18641.00;45.038000;5.0
