problems/10_1_100_1000.txt;10;1;0;1;71.87;497.00;1767.00;0.012000;28.0
problems/10_2_100_1000.txt;10;1;0;1;81.48;168.00;907.00;0.030000;28.0
problems/10_3_100_1000.txt;10;1;0;1;87.08;162.00;1254.00;0.013000;26.0
problems/10_4_100_1000.txt;10;1;0;1;78.17;398.00;1823.00;0.028000;27.0
problems/10_5_100_1000.txt;10;1;0;1;75.62;244.00;1001.00;0.150000;29.0
problems/10_8_100_1000.txt;10;1;0;1;75.85;285.00;1180.00;0.015000;28.0
problems/10_9_100_1000.txt;10;1;0;1;84.63;233.00;1516.00;0.070000;27.0
problems/10_10_100_1000.txt;10;1;0;1;81.88;168.00;927.00;0.015000;28.0
problems/12_3_100_1000.txt;12;1;0;1;91.60;203.00;2418.00;0.028000;24.3
problems/12_4_100_1000.txt;12;1;0;1;84.24;197.00;1250.00;0.015000;19.4
problems/12_5_100_1000.txt;12;1;0;1;82.99;413.00;2428.00;0.109000;24.3
problems/12_8_100_1000.txt;12;1;0;1;85.43;244.00;1675.00;0.018000;23.6
problems/12_9_100_1000.txt;12;1;0;1;84.54;381.00;2465.00;0.020000;22.2
problems/12_10_100_1000.txt;12;1;0;1;68.59;397.00;1264.00;0.012000;14.6
problems/15_1_100_1000.txt;15;1;0;1;88.02;300.00;2505.00;0.111000;19.1
problems/15_2_100_1000.txt;15;1;0;1;87.89;249.00;2057.00;0.199000;19.1
problems/15_3_100_1000.txt;15;1;0;1;91.11;165.00;1856.00;0.029000;18.2
problems/15_4_100_1000.txt;15;1;0;1;90.41;209.00;2180.00;0.023000;18.2
problems/15_5_100_1000.txt;15;1;0;1;92.09;308.00;3893.00;0.047000;19.1
problems/15_6_100_1000.txt;15;1;0;1;67.67;711.00;2199.00;0.217000;19.1
problems/15_7_100_1000.txt;15;1;0;1;85.34;424.00;2893.00;0.042000;19.1
problems/15_10_100_1000.txt;15;1;0;1;85.80;358.00;2521.00;0.040000;18.7
problems/20_1_100_1000.txt;20;1;0;1;92.68;242.00;3308.00;0.388000;14.2
problems/20_3_100_1000.txt;20;1;0;1;87.94;541.00;4485.00;0.257000;14.0
problems/20_4_100_1000.txt;20;1;0;1;89.24;351.00;3261.00;0.206000;13.8
problems/20_5_100_1000.txt;20;1;0;1;83.37;499.00;3000.00;0.183000;13.8
problems/20_6_100_1000.txt;20;1;0;1;89.40;473.00;4464.00;0.032000;14.0
problems/20_7_100_1000.txt;20;1;0;1;87.60;457.00;3686.00;0.319000;14.0
problems/20_9_100_1000.txt;20;1;0;1;88.35;581.00;4989.00;0.029000;14.5
problems/20_10_100_1000.txt;20;1;0;1;82.53;292.00;1671.00;0.259000;12.8
problems/25_1_100_1000.txt;25;1;0;1;92.10;443.00;5607.00;0.114000;11.2
problems/25_3_100_1000.txt;25;1;0;1;91.93;288.00;3569.00;0.592000;11.5
problems/25_4_100_1000.txt;25;1;0;1;87.51;568.00;4546.00;0.430000;11.2
problems/25_7_100_1000.txt;25;1;0;1;93.92;446.00;7340.00;0.035000;10.9
problems/25_10_100_1000.txt;25;1;0;1;93.17;386.00;5653.00;0.040000;11.5
