problems/10_1_100_1000.txt;10;3;0;1;69.27;490.80;1597.00;0.225000;28.0
problems/10_2_100_1000.txt;10;3;0;1;77.65;161.60;723.00;0.198000;23.0
problems/10_4_100_1000.txt;10;3;0;1;78.04;391.40;1782.00;0.213000;22.0
problems/10_5_100_1000.txt;10;3;0;1;76.29;237.80;1003.00;0.186000;25.0
problems/10_9_100_1000.txt;10;3;0;1;84.87;227.20;1502.00;0.162000;28.0
problems/10_10_100_1000.txt;10;3;0;1;78.57;161.80;755.00;0.199000;22.0
problems/12_3_100_1000.txt;12;3;0;1;90.80;195.33;2124.00;0.222000;23.6
problems/12_5_100_1000.txt;12;3;0;1;81.80;405.17;2226.00;0.242000;23.6
problems/15_3_100_1000.txt;15;3;0;1;91.06;153.87;1721.00;0.418000;17.8
problems/15_4_100_1000.txt;15;3;0;1;90.03;198.13;1988.00;0.247000;18.2
problems/15_6_100_1000.txt;15;3;0;1;71.31;700.13;2440.00;0.596000;19.1
problems/15_7_100_1000.txt;15;3;0;1;83.49;413.13;2503.00;0.419000;18.2
problems/15_10_100_1000.txt;15;3;0;1;83.56;347.40;2113.00;0.483000;17.8
problems/20_1_100_1000.txt;20;3;0;1;94.53;226.40;4139.00;1.149000;13.8
problems/20_3_100_1000.txt;20;3;0;1;86.91;524.50;4007.00;1.222000;13.2
problems/20_4_100_1000.txt;20;3;0;1;91.29;335.30;3848.00;1.766000;13.5
problems/20_5_100_1000.txt;20;3;0;1;85.95;483.10;3438.00;0.607000;13.0
problems/20_6_100_1000.txt;20;3;0;1;89.59;457.20;4391.00;0.677000;14.2
problems/20_7_100_1000.txt;20;3;0;1;90.32;441.50;4561.00;1.928000;13.8
problems/20_9_100_1000.txt;20;3;0;1;87.31;565.20;4453.00;0.442000;14.2
problems/25_1_100_1000.txt;25;3;0;1;92.47;422.40;5607.00;3.143000;10.7
problems/25_10_100_1000.txt;25;3;0;1;93.05;365.24;5253.00;0.591000;11.0
