15
0 11 19 14 12 36 8 29 31 7 31 24 24 43 56 
26 0 34 29 27 35 34 28 30 33 20 39 13 32 55
31 26 0 29 27 40 23 33 35 22 25 44 18 37 60
35 9 5 0 39 21 43 40 42 42 32 25 25 28 41
27 11 7 2 0 23 12 42 44 34 34 12 27 30 43
35 13 23 18 18 0 17 19 21 26 11 4 4 7 20
15 26 34 29 27 51 0 44 46 22 46 39 39 58 71
16 11 19 14 12 7 8 0 2 7 18 11 11 14 27
41 18 18 26 24 32 33 25 0 32 17 36 36 29 52
9 4 12 7 5 29 1 22 24 0 24 17 17 36 49
24 19 14 9 7 15 16 8 10 15 0 19 19 12 35
28 23 31 26 24 22 20 41 43 19 33 0 26 29 42
31 26 21 16 14 22 13 15 17 22 7 26 0 19 42
50 6 40 35 33 41 32 34 36 41 26 9 19 0 61
37 10 27 22 20 28 29 21 23 28 13 32 32 25 0
