15
0 25 6 1 59 4 17 22 13 24 34 28 14 26 10 
13 0 19 14 72 17 30 35 26 37 47 41 27 39 23
15 30 0 16 57 14 32 32 11 34 49 43 25 36 25
16 24 5 0 58 3 16 21 12 23 33 44 13 25 9
8 19 14 9 0 12 11 30 21 32 28 8 22 13 18
13 26 2 14 55 0 30 18 9 20 47 41 11 22 23
10 8 16 11 65 14 0 32 19 34 17 28 24 36 20
21 8 27 22 80 25 38 0 34 2 55 49 35 4 31
4 19 5 5 46 3 21 21 0 23 38 32 14 25 14
36 44 25 20 78 23 36 41 32 0 53 64 33 2 29
6 22 7 7 48 5 14 23 2 25 0 11 16 27 16
6 11 12 7 65 10 3 28 19 30 20 0 20 32 16
16 31 1 17 58 15 33 33 12 35 50 44 0 37 26
34 42 23 18 76 21 34 39 30 41 51 62 31 0 27
20 15 5 21 62 19 7 37 16 39 24 35 4 41 0
