15 
0 27 14 8 2 16 1 27 21 25 27 12 16 30 9
10 0 8 18 12 10 11 21 31 19 7 22 10 24 15
2 16 0 10 4 2 3 13 23 11 13 14 2 16 7
29 19 27 0 3 22 30 33 13 25 27 4 16 36 27
35 25 33 6 0 28 36 39 19 31 33 10 22 42 33
6 14 10 13 8 0 7 11 26 11 9 17 2 14 5
16 26 30 7 1 29 0 40 20 32 34 11 23 43 25
10 3 11 2 5 13 11 0 15 22 10 6 13 27 18
30 26 28 17 20 30 31 41 0 25 27 11 30 44 35
5 19 3 13 7 5 6 16 26 0 2 17 5 19 10
3 17 1 11 5 3 4 14 24 12 0 15 3 17 8
19 15 17 27 21 19 20 30 9 14 16 0 19 33 24
14 20 12 19 16 6 15 17 32 9 11 23 0 20 11
14 7 12 6 9 14 15 4 19 9 11 10 14 0 19
7 21 5 15 9 7 8 18 28 16 18 19 7 21 0
