15 
0 2 19 12 19 7 4 3 7 30 13 14 18 10 3
2 0 17 14 17 5 2 5 5 28 11 12 16 8 1
24 22 0 8 39 27 24 27 27 50 33 34 38 30 23
16 14 31 0 31 19 16 19 19 42 25 26 30 22 15
17 19 25 33 0 24 10 18 13 36 30 31 35 16 20
2 4 21 14 12 0 6 5 9 32 6 7 11 12 5
7 9 15 23 26 14 0 8 3 26 20 21 25 6 10
7 9 26 9 17 5 11 0 14 37 11 12 16 17 10
4 6 23 16 23 11 8 7 0 34 17 18 22 14 7
19 21 19 27 29 17 23 12 26 0 23 24 28 10 22
12 14 31 24 6 19 16 15 8 42 0 1 5 22 15
12 14 31 24 10 19 16 15 8 42 25 0 4 22 15
18 20 28 36 28 16 13 21 16 39 22 23 0 19 12
9 11 9 17 19 7 13 2 16 20 13 14 18 0 12
6 8 16 24 16 4 1 9 4 27 10 11 15 7 0
