15 
0 23 15 9 17 20 14 9 17 13 15 2 32 1 8
25 0 1 23 7 12 18 10 7 15 5 16 9 18 12
33 44 0 18 6 20 17 18 6 14 4 23 17 17 11
26 49 15 0 21 35 40 11 21 29 19 28 32 27 34
38 48 4 18 0 15 21 23 6 8 10 27 23 17 15
23 40 16 26 15 0 13 8 15 23 13 19 26 24 25
36 27 3 13 9 23 0 21 9 17 7 6 20 20 12
15 38 30 24 32 35 29 0 16 28 30 17 47 16 23
38 39 26 12 32 32 30 23 0 40 30 18 48 11 24
30 46 2 16 4 7 19 15 4 0 2 25 15 15 13
29 41 6 14 2 16 23 14 2 10 0 20 13 13 17
20 21 15 7 21 14 12 22 21 29 19 0 30 21 6
16 39 16 25 12 3 19 1 18 20 22 18 0 17 13
27 28 15 14 21 21 19 29 21 29 19 7 37 0 13
31 33 9 19 15 8 6 16 15 23 13 12 26 26 0
