15
0 1 9 11 12 27 36 31 51 37 28 18 13 13 18 
19 0 8 10 20 26 35 30 50 36 27 37 37 12 17
47 28 0 20 30 36 45 22 25 46 37 46 47 22 27
32 13 2 0 10 16 25 24 40 26 17 26 27 2 7
24 25 21 19 0 35 24 32 39 25 16 41 36 1 26
43 24 32 34 17 0 41 49 56 42 33 16 11 18 41
24 25 21 19 5 35 0 32 39 25 16 41 36 1 26
25 6 14 16 26 32 41 0 56 42 33 48 43 18 23
41 22 30 32 29 48 27 35 0 28 19 28 23 28 39
32 13 21 23 17 39 18 7 33 0 10 16 11 18 30
41 22 30 32 13 48 8 16 23 9 0 25 20 9 39
25 26 22 20 1 36 25 33 40 26 17 0 37 2 27
32 13 21 23 6 39 30 38 45 31 22 5 0 7 30
23 24 20 18 14 34 23 31 38 24 15 40 35 0 25
27 28 19 22 3 9 27 35 42 28 19 25 20 4 0
