15 
0 42 50 55 45 55 39 51 46 56 35 44 46 52 49
14 0 8 13 13 27 9 23 4 14 5 2 16 22 7
7 22 0 23 9 37 19 33 14 24 15 12 26 32 17
17 29 17 0 17 14 26 10 21 23 22 19 12 18 16
1 13 9 14 0 28 10 24 5 15 6 3 17 23 8
36 31 39 18 35 0 28 28 35 22 24 33 35 41 38
20 24 20 25 19 16 0 12 16 26 17 14 7 13 19
8 20 16 21 7 4 17 0 12 22 13 10 24 30 15
10 19 4 23 9 33 16 33 0 10 12 12 23 29 3
24 9 17 22 25 22 6 18 13 0 2 11 13 19 16
22 7 15 20 23 20 4 16 11 21 0 9 11 17 14
12 10 6 11 11 25 7 21 2 12 3 0 14 20 5
19 17 13 18 18 10 14 28 9 19 10 7 0 6 12
13 11 7 12 12 26 8 22 3 13 4 1 15 0 6
8 16 1 24 10 30 13 34 15 7 9 13 20 26 0
