15 
0 19 62 22 18 54 24 25 20 15 14 58 38 17 46
9 0 43 3 7 56 23 6 31 10 25 25 28 28 27
11 10 0 13 17 33 38 16 31 6 25 2 5 21 12
8 2 40 0 9 58 32 3 28 12 22 27 30 25 24
2 7 50 10 0 63 16 13 24 3 18 32 35 21 34
13 12 29 15 11 0 5 18 5 8 7 31 23 10 41
8 7 24 10 6 57 0 13 8 3 2 26 29 5 36
5 24 37 27 23 70 29 0 25 20 19 39 42 22 21
6 25 68 28 24 69 30 31 0 21 20 38 18 23 52
5 4 47 7 11 60 29 10 25 0 19 29 32 22 31
6 5 48 8 4 75 10 11 6 1 0 44 24 3 32
9 8 51 11 15 31 36 14 29 4 23 0 3 19 35
15 14 57 17 17 51 39 20 35 10 29 20 0 16 41
3 8 51 11 1 64 17 14 25 4 19 33 36 0 35
20 19 16 22 18 49 24 25 20 15 14 18 21 17 0
