15 
0 41 17 26 30 8 10 35 28 11 13 5 19 30 20
52 0 62 65 70 53 55 51 68 56 65 50 29 40 60
31 50 0 57 12 26 41 44 28 42 44 36 22 33 53
30 47 19 0 13 8 15 41 33 16 26 10 19 30 25
19 53 6 45 0 14 29 47 47 30 32 24 25 36 39
31 39 23 26 36 0 16 33 34 17 44 11 11 22 26
15 35 7 15 20 17 0 50 18 1 28 14 28 39 10
14 6 19 40 19 22 13 0 17 14 27 19 33 18 9
21 55 2 47 2 16 31 49 0 32 34 26 27 38 41
39 61 6 34 18 22 24 55 42 0 52 19 33 44 34
36 28 13 13 13 21 28 22 11 29 0 23 32 43 31
20 42 12 15 25 3 5 36 23 6 33 0 14 25 15
23 28 33 36 41 24 26 22 39 27 36 21 0 11 31
12 52 22 25 35 13 15 46 33 16 25 10 24 0 25
5 25 10 31 10 13 15 40 8 16 18 10 24 35 0
