15 
0 18 22 42 35 4 39 50 1 23 18 18 8 6 2
14 0 36 44 37 18 21 32 15 5 32 32 2 20 16
33 36 0 16 20 22 31 42 23 15 40 36 26 24 23
17 20 3 0 31 6 15 26 7 25 24 20 10 8 7
24 27 10 7 0 13 22 33 14 32 31 27 17 15 14
28 14 21 38 31 0 35 46 1 19 18 14 4 2 1
2 20 26 23 16 6 0 11 3 25 20 20 10 8 4
29 19 15 12 5 5 27 0 6 24 23 19 9 7 6
29 15 21 39 32 33 36 27 0 20 17 47 5 35 1
18 36 42 39 32 22 16 27 19 0 36 36 26 24 20
21 33 45 42 35 25 19 30 18 38 0 39 23 27 19
41 41 27 24 17 27 39 22 28 46 45 0 31 29 28
24 10 36 54 47 28 31 42 25 15 42 42 0 30 16
53 53 39 36 29 39 51 34 40 58 57 12 43 0 40
53 56 20 36 40 42 51 62 43 35 60 56 46 44 0
