20
0 2 37 15 24 23 9 6 10 8 3 17 10 3 1 4 34 9 15 24 
10 0 35 25 34 21 7 4 20 6 1 15 20 13 11 14 22 19 13 22
15 17 0 30 32 34 2 21 25 11 6 20 18 18 16 19 27 6 8 17
11 13 48 0 15 17 20 17 21 19 14 18 21 14 12 15 25 20 26 35
13 4 38 28 0 2 10 8 9 9 4 3 8 16 14 17 10 15 16 25
12 2 37 27 20 0 9 6 22 8 3 17 6 15 13 16 30 21 15 24
22 16 28 17 30 32 0 20 27 18 13 27 16 20 15 18 25 30 6 15
28 22 34 23 36 38 6 0 33 24 19 33 22 26 21 24 31 36 12 21
51 45 40 46 59 61 29 23 0 51 46 62 45 49 44 47 54 22 35 44
4 6 41 19 28 30 13 10 14 0 7 9 14 7 5 8 16 13 19 28
9 11 34 24 33 35 6 15 19 5 0 14 19 12 10 13 21 18 12 21
10 12 35 25 34 36 7 16 20 6 1 0 20 13 11 14 22 19 13 22
27 18 52 42 14 16 24 22 23 23 18 17 0 30 28 31 24 29 30 39
16 18 24 23 32 34 17 11 7 24 19 35 18 0 17 12 42 6 23 32
7 1 36 14 23 25 8 5 12 7 2 16 9 5 0 3 33 11 14 23
4 6 26 11 20 22 13 10 9 12 7 23 6 2 5 0 30 8 19 28
23 25 25 38 47 49 15 29 11 31 26 40 33 26 24 27 0 5 21 12
33 35 18 48 57 59 20 39 43 29 24 38 43 36 34 37 45 0 26 35
16 10 22 23 32 34 12 14 21 12 7 21 18 14 9 12 19 24 0 9
11 13 13 26 35 37 3 17 21 19 14 28 21 14 12 15 10 15 9 0
