20
0 11 11 1 15 3 22 13 28 9 8 20 24 22 31 10 16 15 13 6 
21 0 16 22 4 24 20 18 29 7 13 16 22 23 27 31 21 20 7 27
15 24 0 14 28 16 16 2 22 16 21 9 18 16 20 23 15 14 2 19
15 10 10 0 14 2 21 12 27 8 7 19 23 21 30 9 15 14 12 5
22 25 17 15 0 17 43 19 34 23 14 26 35 28 14 24 22 21 3 20
13 8 8 5 12 0 19 10 25 6 5 17 21 19 28 7 13 12 10 3
1 12 12 2 16 4 0 14 8 7 9 21 2 23 32 11 6 16 8 7
30 26 26 19 30 21 29 0 20 16 23 7 31 14 18 25 15 30 28 21
11 6 6 12 10 14 17 8 0 4 3 15 19 17 26 5 11 10 8 1
14 10 25 15 14 17 13 27 21 0 22 34 15 36 28 24 19 29 17 20
8 19 3 9 23 11 22 5 20 9 0 12 24 14 23 18 8 7 5 14
23 19 19 12 23 14 22 21 13 9 16 0 24 7 11 18 8 23 21 14
9 20 20 10 24 12 8 22 16 15 17 29 0 31 40 19 14 24 6 15
17 12 12 18 16 20 23 14 6 10 9 21 25 0 32 11 17 16 14 7
16 11 11 1 15 3 22 13 28 9 8 20 24 22 0 10 16 15 13 6
22 1 17 23 5 25 21 11 31 8 14 18 23 25 29 0 22 21 8 28
15 11 26 16 15 18 14 28 22 1 23 35 16 37 29 25 0 30 18 21
1 12 12 2 16 4 15 14 13 2 9 21 17 7 32 11 1 0 14 7
37 32 32 38 36 40 43 34 26 30 29 41 45 43 52 31 37 36 0 27
10 5 5 11 9 13 16 7 22 3 2 14 18 16 25 4 10 9 7 0
