20
0 6 15 13 15 16 19 19 21 9 10 21 18 20 19 15 5 20 15 11 
11 0 9 5 7 17 13 13 13 3 21 13 10 14 13 9 16 12 19 15
11 17 0 15 7 18 4 30 23 20 12 13 10 5 20 18 16 12 19 15
6 12 21 0 2 12 19 25 8 15 16 8 5 12 15 15 11 7 14 10
4 10 19 17 0 10 17 23 25 13 14 6 3 10 13 13 9 5 12 8
18 24 7 22 14 0 11 37 30 27 19 20 17 12 27 12 23 19 26 22
7 13 22 11 3 14 0 26 19 16 8 9 6 1 16 14 12 8 15 11
19 25 8 23 15 26 12 0 31 28 20 21 18 13 28 26 24 20 27 23
21 27 10 25 17 28 14 40 0 4 22 3 20 15 14 10 26 22 20 25
17 23 6 21 13 24 10 36 29 0 18 19 16 11 10 6 22 18 16 21
9 15 13 3 5 6 11 28 11 18 0 11 8 10 18 6 14 10 6 13
20 26 9 24 16 27 13 39 32 29 21 0 19 14 29 27 25 21 28 24
13 19 14 17 9 7 18 32 25 22 14 3 0 7 10 10 18 2 9 5
6 12 21 10 2 13 19 25 18 15 7 8 5 0 15 13 11 7 14 10
39 45 28 43 35 46 32 58 51 48 40 19 38 33 0 46 44 40 47 43
20 14 23 19 16 27 15 27 27 17 21 22 19 14 27 0 25 21 10 24
14 20 18 8 10 11 15 33 16 23 5 16 13 14 23 11 0 15 10 6
17 23 17 13 13 16 12 36 21 11 10 11 8 11 18 8 22 0 7 3
10 16 25 9 6 17 5 29 17 19 11 12 9 4 19 1 15 11 0 14
14 20 29 13 10 21 9 33 21 23 15 16 13 8 23 5 19 15 4 0
