20
0 14 32 28 48 27 29 18 25 40 13 31 15 39 48 24 27 28 26 26 
4 0 21 14 31 22 29 23 8 23 17 14 1 22 37 10 30 18 26 19
15 29 0 23 51 24 24 38 28 35 31 25 12 42 16 26 50 25 31 30
22 36 7 0 20 31 28 42 35 39 29 33 19 34 23 28 25 26 32 38
19 33 26 19 0 21 20 21 28 31 9 34 16 14 42 8 22 23 22 29
19 15 5 29 46 0 29 16 23 40 36 29 16 37 21 25 45 20 26 14
23 37 35 32 44 30 0 14 21 11 7 27 29 35 22 32 21 22 14 22
28 24 14 18 30 9 23 0 7 34 33 13 25 21 30 38 29 14 20 8
33 47 18 11 23 21 19 33 0 30 26 6 30 14 34 31 22 10 16 11
31 27 17 21 33 12 6 3 10 0 4 16 28 24 33 41 18 17 3 11
16 30 29 27 47 24 16 30 37 27 0 22 28 51 45 40 14 15 13 27
27 41 12 5 25 28 20 34 41 31 27 0 24 39 28 33 47 11 17 5
3 17 18 25 51 30 22 21 28 33 16 20 0 42 34 27 30 13 19 25
26 22 12 21 9 7 6 20 27 17 12 16 23 0 28 17 8 9 15 21
21 35 13 14 35 8 8 22 12 19 15 9 18 26 0 10 34 20 22 14
11 25 27 31 43 22 36 13 20 47 24 26 8 34 43 0 42 27 33 21
20 34 20 13 33 26 3 17 24 14 4 8 32 38 36 41 0 1 7 13
24 38 22 12 32 17 9 23 30 20 16 7 21 44 38 40 30 0 6 12
18 32 16 15 35 11 3 17 24 14 10 30 15 38 32 43 24 25 0 25
30 44 28 18 38 23 15 29 36 26 22 13 27 50 44 46 36 6 12 0
