20
0 25 27 5 21 17 18 29 16 16 17 31 12 7 13 36 18 11 12 17 
27 0 2 32 9 5 15 4 25 13 6 28 16 20 9 27 22 20 19 11
24 17 0 29 26 22 32 21 21 30 4 45 22 31 26 44 28 37 16 9
13 25 27 0 16 12 13 23 23 11 12 26 7 7 8 31 13 18 18 17
22 20 22 27 0 5 6 7 16 4 3 19 7 11 8 18 13 11 14 21
22 24 26 27 4 0 10 11 20 8 7 23 11 15 4 22 17 15 14 25
48 21 23 42 30 26 0 25 17 34 27 13 18 13 30 18 24 12 40 32
23 25 27 28 5 1 11 0 21 9 8 24 12 16 5 23 18 16 15 26
34 31 14 39 12 17 18 19 0 16 15 31 1 23 20 30 7 23 26 23
18 16 18 23 5 1 2 12 12 0 1 15 3 16 4 20 9 7 10 27
37 10 12 42 19 15 25 14 17 23 0 38 18 30 19 37 24 30 29 21
42 15 17 47 24 20 30 19 40 28 21 0 31 35 24 42 37 35 34 26
55 28 30 60 37 33 43 32 53 41 34 56 0 26 37 55 6 48 47 39
45 18 20 50 27 23 33 22 21 31 24 46 22 0 27 45 28 38 37 10
18 35 30 23 15 11 21 22 31 19 18 34 22 25 0 33 28 26 10 39
43 22 24 24 21 26 1 26 9 25 15 14 10 14 29 0 16 13 35 33
49 22 24 54 31 27 37 26 47 35 28 50 38 42 31 49 0 42 41 33
36 9 11 41 18 14 24 13 5 22 15 37 6 29 18 36 12 0 28 20
8 32 15 13 18 14 24 13 24 22 21 37 25 15 18 36 31 19 0 24
35 8 10 40 17 13 23 12 33 21 14 36 24 28 17 35 30 28 27 0
