20
0 5 14 37 30 45 18 15 18 34 23 20 20 30 31 19 5 55 43 22 
17 0 9 32 25 40 13 10 13 29 18 15 15 25 26 14 22 50 38 17
8 13 0 23 19 34 4 1 4 20 12 6 12 16 29 17 13 41 32 8
18 23 10 0 14 29 8 5 8 24 7 16 4 4 15 3 23 29 27 12
31 14 23 43 0 15 24 21 24 40 18 29 15 20 26 14 36 45 13 28
19 24 11 28 6 0 9 6 9 25 9 17 15 5 26 14 24 30 13 13
10 15 2 25 18 33 0 3 6 22 11 8 8 18 28 16 15 43 31 10
13 18 5 22 21 36 3 0 3 19 14 11 11 15 31 19 18 40 34 7
22 27 36 56 19 34 34 34 0 16 12 42 18 33 29 17 27 58 32 4
6 11 20 43 14 29 24 21 19 0 7 26 13 28 24 12 11 53 27 17
28 33 20 43 7 22 24 21 12 28 0 26 6 21 17 5 33 46 20 16
34 39 26 49 13 28 30 27 18 34 6 0 12 27 23 11 39 52 26 22
28 33 23 46 10 25 27 24 6 22 3 16 0 24 20 8 33 49 23 10
14 19 6 23 22 37 4 1 4 20 15 12 12 0 33 20 19 25 28 8
18 23 10 27 26 41 8 5 8 24 19 16 16 4 0 24 23 29 32 12
29 34 22 39 11 26 20 17 7 23 4 28 1 16 12 0 34 41 24 11
43 48 35 25 39 54 33 30 33 49 32 41 29 29 40 28 0 54 52 19
14 19 18 35 15 30 16 13 11 27 8 12 5 12 8 4 19 0 3 15
11 16 23 40 12 27 21 18 8 24 5 29 2 17 13 1 16 42 0 12
42 29 35 52 15 30 33 30 20 36 8 41 14 29 25 13 47 54 28 0
