20
0 10 22 40 36 20 49 21 29 13 23 21 18 44 11 19 23 18 20 11 
45 0 12 34 30 23 52 14 19 13 13 11 21 34 1 19 17 8 19 15
33 4 0 32 28 12 41 13 23 17 17 15 10 22 5 23 15 12 12 19
47 17 14 0 29 12 55 13 29 18 23 28 24 36 18 11 16 25 26 25
12 13 16 4 0 14 43 9 10 20 4 24 12 38 14 15 3 21 14 6
35 6 2 25 30 0 43 14 25 6 19 17 12 24 7 12 17 14 14 21
27 24 26 40 36 40 0 20 36 37 30 35 38 48 25 18 23 32 40 32
28 4 6 20 16 18 47 0 26 17 20 15 16 28 5 23 3 12 18 22
39 9 6 18 20 4 33 5 0 10 24 20 2 28 10 16 7 17 4 26
36 12 14 19 24 28 57 8 24 0 18 23 26 36 13 6 11 20 28 20
24 15 12 24 26 10 39 11 6 15 0 26 8 34 16 21 13 10 10 2
40 11 7 28 24 20 49 21 34 24 28 0 18 29 12 30 11 19 8 11
37 7 4 22 18 2 31 3 28 8 22 18 0 26 8 14 5 15 2 24
11 5 1 22 23 17 46 7 24 3 18 2 15 0 6 9 10 13 10 8
44 15 11 36 36 22 51 20 18 12 12 10 20 33 0 18 23 7 22 14
30 6 8 22 18 22 51 2 18 19 12 17 20 30 7 0 5 14 22 14
25 26 29 17 13 27 56 22 23 33 17 37 25 51 27 28 0 34 13 19
37 8 4 33 29 21 50 13 27 5 21 19 19 26 9 11 16 0 16 12
28 29 32 20 16 30 59 25 26 36 20 40 28 54 30 31 3 37 0 22
22 14 11 29 25 9 38 10 35 13 29 25 7 33 15 19 12 8 9 0
