20
0 27 15 11 36 18 22 26 27 28 20 24 32 9 17 30 36 44 12 13 
30 0 14 15 9 5 26 9 19 1 15 10 15 13 11 3 9 30 7 8
32 12 0 17 21 17 28 11 33 13 14 20 17 15 2 15 21 40 6 20
41 57 45 0 40 33 11 30 16 58 9 27 29 24 14 27 26 47 1 21
22 17 5 7 0 1 18 16 23 18 11 1 6 5 7 5 26 21 3 10
18 41 29 17 46 0 28 15 22 42 10 19 52 19 31 44 50 39 2 28
37 46 34 22 29 24 0 45 5 47 26 16 18 20 24 16 15 36 18 25
21 26 14 6 35 13 17 0 22 27 15 34 31 4 16 29 35 54 7 34
32 38 43 17 38 24 28 47 0 29 21 11 21 15 31 41 37 31 13 20
39 26 14 24 23 17 35 25 18 0 27 18 29 22 16 29 8 38 19 7
42 47 35 7 50 34 18 21 12 48 0 23 36 25 21 34 33 43 8 32
21 27 32 6 27 13 17 36 22 18 15 0 33 4 20 30 26 20 7 9
24 28 16 5 11 12 16 27 21 29 14 3 0 7 18 16 37 23 6 12
17 23 37 2 32 9 13 32 18 24 11 33 31 0 16 26 32 53 3 31
27 43 31 12 26 19 23 42 28 44 21 18 15 10 0 31 38 38 13 27
35 23 37 20 32 28 31 32 18 24 29 26 23 18 8 0 32 46 21 31
27 50 38 30 59 9 28 24 33 51 19 44 45 28 30 22 0 64 11 40
29 24 12 14 7 8 25 23 30 25 18 8 13 12 14 12 33 0 10 17
50 53 41 15 36 37 26 29 20 54 8 31 42 33 29 41 41 51 0 20
32 33 21 17 16 17 28 32 11 34 26 11 22 15 23 21 17 31 18 0
