20
0 11 10 3 6 6 15 6 21 19 10 11 11 4 13 10 2 9 16 7 
32 0 30 23 17 38 40 12 13 8 25 26 22 19 23 42 34 41 27 18
24 14 0 11 9 30 10 20 35 22 13 18 14 7 16 24 26 23 19 10
18 8 7 0 3 24 17 14 29 16 7 12 8 1 10 18 20 17 13 4
15 13 16 9 0 21 30 21 36 21 12 9 5 6 6 25 17 24 10 1
26 16 15 8 11 0 20 11 26 14 15 16 16 9 18 15 7 14 21 12
25 20 26 19 10 28 0 28 24 28 22 14 15 16 16 13 24 13 20 11
20 18 21 14 5 26 35 0 41 26 17 14 10 11 11 30 22 29 15 6
23 13 17 10 8 29 28 15 0 11 12 17 13 6 15 23 25 22 18 9
24 22 25 18 9 30 39 4 45 0 21 18 14 15 15 34 26 33 19 10
24 1 13 6 9 26 16 7 22 9 0 12 14 7 3 11 22 10 10 10
26 19 28 21 24 28 18 28 24 27 28 0 29 22 18 13 24 12 25 12
18 8 12 5 3 24 23 14 29 16 7 12 0 1 10 18 20 17 5 4
17 7 11 4 2 23 22 13 28 15 6 11 7 0 9 17 19 16 12 3
21 11 10 3 6 27 20 17 32 19 10 15 11 4 0 21 23 20 7 7
29 19 18 11 14 15 24 15 11 27 18 1 19 12 8 0 11 18 15 15
19 9 8 1 4 4 13 4 19 17 8 9 9 2 11 8 0 7 14 5
30 7 19 12 15 16 6 16 12 15 19 2 20 13 9 1 12 0 16 16
16 17 18 11 4 22 31 18 23 14 16 9 9 10 8 12 18 25 0 2
14 17 16 9 12 20 29 20 35 25 16 21 17 10 6 24 16 23 13 0
