20
0 13 29 15 30 22 32 36 23 25 24 51 28 56 38 45 29 11 12 48 
30 0 33 19 34 26 36 40 27 29 43 26 32 60 42 49 33 9 42 52
9 15 0 24 6 31 3 17 14 16 33 20 37 37 14 26 10 24 21 24
23 29 14 0 15 7 17 21 8 10 24 36 13 41 23 30 14 38 35 33
14 27 38 21 0 28 41 11 8 10 45 26 34 31 8 20 4 25 26 18
22 34 28 14 8 0 16 14 1 3 17 29 6 34 16 23 7 33 43 26
17 12 41 24 3 31 0 14 11 13 48 29 37 34 11 23 7 21 29 21
26 31 19 33 25 40 22 0 27 19 42 29 46 21 20 23 7 40 30 43
21 33 27 13 7 20 30 13 0 2 37 28 26 33 15 22 6 32 42 25
19 32 35 21 5 14 30 16 8 0 31 31 20 36 13 25 9 30 31 23
38 44 29 15 30 22 32 36 23 25 0 51 28 56 38 45 29 53 50 48
19 32 18 4 19 11 21 25 12 14 28 0 17 45 13 34 18 30 31 37
24 22 30 16 10 2 10 16 3 5 11 31 0 36 18 25 9 31 45 28
16 10 7 12 13 19 10 24 20 22 21 27 25 0 21 33 17 19 9 31
6 19 35 21 36 28 38 42 29 31 30 57 34 62 0 51 35 17 18 54
25 11 18 10 24 17 21 35 18 20 34 6 23 11 19 0 28 20 20 42
19 27 34 26 17 33 37 7 20 12 50 22 39 27 13 16 0 36 36 35
21 34 50 36 28 43 53 39 36 38 45 54 49 59 21 48 32 0 33 46
26 1 17 3 18 10 20 24 11 13 12 39 16 44 26 33 17 10 0 36
9 22 27 13 6 20 30 17 9 1 37 32 26 37 3 26 10 20 21 0
