25
0 15 12 25 24 5 18 10 12 13 20 13 9 20 22 21 10 26 14 16 17 20 19 14 5 
9 0 2 15 14 3 16 19 14 11 10 8 13 18 31 11 8 16 14 14 11 14 9 4 14
7 11 0 13 12 1 14 17 12 9 8 9 11 16 29 9 6 14 12 12 9 12 7 2 12
2 8 10 0 20 7 13 12 9 8 18 15 11 15 24 19 12 1 9 11 6 9 4 10 7
16 30 28 22 0 21 14 26 31 20 16 20 21 10 38 37 17 23 26 23 28 31 26 23 21
13 12 14 27 21 0 13 17 23 8 22 8 10 15 29 23 5 28 7 11 10 13 18 11 12
11 13 15 28 19 10 0 21 14 6 23 6 8 13 33 24 3 29 13 9 11 14 9 9 16
9 5 2 15 14 3 15 0 14 10 10 11 14 17 12 11 8 16 5 13 8 11 9 4 10
11 15 4 17 16 5 18 21 0 13 12 13 15 10 33 13 10 18 16 16 13 16 11 6 16
16 18 20 33 24 15 5 26 19 0 28 11 13 7 38 29 8 34 18 3 16 19 14 14 21
8 14 16 6 26 13 15 18 15 10 0 21 5 17 17 13 18 7 10 13 12 15 10 16 13
10 25 22 35 24 15 22 20 22 23 30 0 19 30 32 31 20 36 24 26 27 30 29 14 15
3 8 10 23 22 11 10 13 15 5 18 16 0 12 25 19 13 24 5 8 8 11 16 12 8
26 17 19 32 31 20 33 36 31 28 27 25 30 0 48 28 25 33 31 31 28 31 26 21 31
9 7 9 22 19 10 12 7 8 7 17 18 6 14 0 18 15 23 8 3 5 8 3 9 2
6 12 14 4 24 11 17 16 13 12 22 10 15 19 28 0 16 5 13 15 10 13 8 14 11
8 13 15 28 16 16 8 18 20 3 23 3 5 10 30 24 0 29 10 6 13 16 21 6 13
14 7 9 22 19 10 12 11 8 7 17 18 17 14 23 18 15 0 8 10 5 8 3 9 13
12 5 7 20 17 8 10 10 16 5 15 16 9 12 22 16 13 21 0 8 3 6 11 7 5
29 31 33 46 37 28 18 39 32 24 41 24 26 31 51 42 21 47 31 0 29 32 27 27 34
9 2 4 17 14 5 7 19 13 2 12 13 18 9 31 13 10 18 13 5 0 3 8 4 14
6 9 6 19 11 7 14 16 10 9 14 15 15 16 28 15 12 20 10 12 7 0 5 1 11
11 4 6 19 16 7 9 8 5 4 14 15 14 11 20 15 12 20 5 7 2 5 0 6 10
5 20 17 30 10 10 8 15 17 14 25 14 14 21 27 26 11 31 19 17 22 25 24 0 10
7 10 7 20 19 8 14 5 19 9 15 16 4 16 17 16 13 21 9 12 12 15 14 9 0
