25
0 14 17 11 17 23 11 17 17 30 28 6 23 26 4 10 10 13 17 15 43 27 22 24 19 
7 0 6 9 15 9 15 4 21 16 24 13 23 33 11 17 15 11 24 22 38 27 8 22 14
1 17 0 11 17 14 9 17 18 21 29 7 24 27 5 11 11 13 18 16 44 28 25 24 20
7 8 6 0 6 17 7 6 12 15 30 12 14 39 11 17 6 2 24 28 50 18 16 13 26
25 18 24 27 0 15 29 22 6 9 33 17 21 31 22 28 28 22 17 35 43 25 26 20 19
10 3 9 12 18 0 19 7 24 7 18 16 23 16 14 20 18 14 27 37 41 27 11 25 17
16 15 15 24 32 24 0 13 38 31 24 5 29 22 18 24 24 18 13 43 39 33 23 29 15
3 2 2 11 17 11 14 0 20 18 26 9 25 29 7 13 13 13 20 18 40 29 10 24 16
31 37 35 38 17 46 29 35 0 26 31 17 15 40 31 37 37 31 26 29 52 19 45 14 28
22 21 24 18 24 18 25 24 22 0 33 8 28 31 26 32 24 20 39 20 65 32 17 31 41
23 24 22 16 22 33 23 22 28 31 0 28 30 55 19 25 22 18 32 44 40 34 32 29 16
29 22 28 31 38 31 12 26 40 38 19 0 24 17 30 36 36 30 25 38 51 28 30 35 27
16 22 20 23 14 31 14 20 16 23 16 2 0 25 16 22 22 16 11 14 37 4 30 11 13
12 5 11 14 21 14 21 9 23 21 2 9 7 0 16 22 20 16 18 21 44 11 13 18 20
6 10 13 7 13 19 7 13 19 26 37 12 21 35 0 6 6 9 13 35 39 25 18 20 15
7 4 6 8 14 13 8 8 10 20 31 13 22 29 1 0 7 10 7 36 33 26 12 21 9
8 9 7 1 7 18 1 7 13 16 31 6 15 40 12 18 0 3 13 29 39 19 17 14 15
5 6 4 15 14 15 16 4 20 22 28 11 12 37 9 15 15 0 22 26 48 16 14 11 24
10 11 9 12 19 20 12 9 25 27 32 17 17 42 5 11 11 5 0 31 26 21 19 16 2
2 16 19 13 19 25 13 19 2 32 13 8 8 11 6 12 12 15 19 0 45 12 24 19 21
16 20 23 17 8 29 17 23 14 17 6 8 6 31 10 16 16 19 17 20 0 10 28 5 7
12 18 16 19 10 27 19 16 12 19 12 10 8 21 12 18 18 12 7 10 33 0 26 7 9
8 4 7 1 7 1 8 7 13 8 16 13 15 17 12 18 7 3 25 29 51 19 0 14 27
17 21 21 24 3 18 15 21 9 12 17 3 1 26 17 23 23 17 12 15 38 5 29 0 14
9 13 16 10 16 22 10 16 22 29 30 15 24 38 3 9 9 12 16 38 24 28 21 23 0
