25
0 13 5 13 14 9 15 3 19 11 6 11 8 13 11 17 16 16 17 12 29 23 12 12 38 
10 0 15 16 24 10 9 13 9 9 16 8 18 10 8 14 14 26 12 6 19 20 4 10 44
8 9 0 12 19 5 10 11 18 7 11 6 13 9 7 13 12 21 13 7 28 19 13 8 42
11 15 12 0 25 11 18 10 23 18 17 17 19 13 13 10 14 27 9 21 33 23 19 10 45
10 1 5 3 0 10 10 9 5 10 16 9 18 11 9 15 13 2 8 7 15 21 5 9 44
12 4 13 7 14 0 13 11 13 11 6 12 8 4 2 8 9 16 10 10 23 14 8 5 46
17 21 18 24 31 17 0 16 23 18 23 17 25 19 19 23 14 33 15 27 33 29 25 16 51
1 11 2 14 15 7 12 0 20 9 7 8 9 11 9 15 10 17 11 9 30 21 15 6 35
5 3 6 7 11 5 12 4 0 12 11 11 13 7 7 11 8 13 3 9 10 17 7 4 39
5 5 9 8 15 1 14 7 14 0 7 8 9 5 3 9 5 17 6 11 24 15 9 1 35
10 7 14 7 8 3 16 12 13 5 0 13 2 7 5 11 10 10 11 13 23 17 11 6 40
2 6 7 9 16 2 15 5 15 1 8 0 10 6 4 10 6 18 7 12 25 16 10 2 36
13 5 14 8 15 1 14 12 14 12 7 13 0 5 3 9 10 17 11 11 24 15 9 6 47
15 19 20 19 20 15 16 18 25 17 12 25 14 0 17 4 22 22 23 25 35 10 23 18 52
11 2 12 18 25 11 11 10 11 11 17 10 19 2 0 6 8 27 9 8 21 12 6 10 45
18 15 22 15 16 11 8 20 21 13 8 21 10 15 13 0 18 18 19 21 31 25 19 14 48
3 7 4 10 17 3 16 2 9 4 9 3 11 5 5 9 0 19 1 13 19 15 11 2 37
8 6 3 10 14 8 15 7 3 10 14 9 16 10 10 14 11 0 6 12 13 20 10 7 42
2 6 3 9 16 2 15 1 14 9 8 8 10 4 4 8 5 18 0 12 24 14 10 1 36
4 8 9 11 18 4 3 7 17 3 10 2 12 8 6 12 8 20 9 0 27 18 12 4 38
9 8 13 2 18 4 17 11 17 4 10 12 12 8 6 12 9 20 10 14 0 18 12 5 39
5 18 10 18 19 14 6 8 24 16 11 16 13 18 16 22 21 21 22 17 34 0 22 17 43
6 6 11 13 20 6 5 9 15 5 12 4 14 6 4 10 10 22 11 2 25 16 0 6 40
7 11 8 14 21 7 20 6 13 8 13 7 15 9 9 13 4 23 5 17 23 19 15 0 41
6 19 11 19 20 15 7 9 25 17 12 17 14 6 17 10 22 22 23 18 35 1 23 18 0
