25
0 17 17 7 11 18 5 18 23 3 4 17 9 11 6 16 17 6 12 9 17 8 13 9 14 
10 0 15 7 17 13 11 20 21 9 10 23 6 11 12 22 31 12 12 4 17 3 10 13 9
11 16 0 18 8 17 16 13 6 14 6 14 20 22 17 26 16 8 19 18 24 19 24 17 13
14 17 10 0 10 17 4 13 16 2 3 16 2 4 5 15 26 5 5 8 10 7 6 9 13
15 17 18 8 0 25 6 19 10 10 11 6 10 12 7 23 20 13 11 11 16 15 14 9 21
7 18 20 10 12 0 8 20 26 12 13 18 3 14 9 9 20 9 12 1 17 17 7 10 23
11 19 12 2 12 19 0 13 18 4 5 18 4 6 1 17 12 7 7 5 12 9 8 11 15
13 25 18 8 8 6 12 0 24 10 11 14 10 12 13 15 34 13 13 7 18 15 14 17 21
5 19 22 12 2 17 10 11 0 8 9 8 14 16 11 26 10 11 13 14 18 13 18 11 19
12 14 14 4 8 15 2 15 20 0 1 14 6 8 3 13 14 3 9 6 14 5 10 6 11
18 10 13 15 7 11 13 21 19 17 0 13 14 12 14 20 29 2 13 12 18 13 18 16 7
18 11 21 11 3 19 9 13 13 13 14 0 13 15 10 28 23 16 5 9 10 14 17 3 20
16 15 17 7 9 24 5 17 23 9 10 15 0 11 6 22 17 6 9 10 14 14 4 7 20
11 20 6 18 12 15 16 9 12 14 9 9 20 0 17 24 22 11 1 5 6 19 24 12 16
10 18 11 1 11 18 5 12 17 3 4 17 3 5 0 16 11 6 6 4 11 8 7 10 14
26 38 31 21 21 19 25 13 37 23 24 27 23 25 26 0 47 26 26 20 31 28 27 30 34
14 26 19 9 9 7 13 1 25 11 12 15 11 13 14 16 0 2 14 8 19 16 15 18 22
12 29 29 19 23 21 17 15 35 15 16 29 21 23 18 30 14 0 24 21 29 20 25 21 26
10 18 21 17 15 14 15 8 27 13 8 21 19 21 16 23 37 10 0 4 5 21 23 19 15
6 23 23 13 13 24 11 17 11 9 10 19 15 17 12 22 21 12 9 0 14 14 19 15 20
21 13 16 8 10 14 12 21 22 10 3 16 10 12 13 23 32 5 13 15 0 16 14 17 10
7 18 12 10 20 10 8 20 18 12 13 26 3 14 9 19 28 9 12 1 17 0 7 10 6
12 11 13 3 13 20 1 13 19 5 6 19 5 7 2 18 13 8 5 6 10 10 0 3 16
12 8 17 7 17 16 11 10 23 9 10 23 9 11 12 25 33 12 2 6 7 11 13 0 17
11 22 6 14 14 4 12 14 12 16 14 20 7 5 13 13 22 16 6 5 11 21 11 14 0
