25
0 35 5 17 13 19 13 28 24 20 30 13 29 28 38 38 18 18 25 25 25 32 10 17 31 
19 0 18 10 11 17 19 5 22 26 13 9 7 34 16 21 16 14 8 23 15 14 16 23 9
18 30 0 22 8 14 8 23 19 15 25 8 24 23 33 33 13 13 20 20 27 27 5 12 26
21 20 23 0 31 37 31 25 18 38 15 20 26 46 21 23 27 21 10 22 8 17 28 35 14
14 31 17 22 0 6 8 36 11 15 16 8 16 23 25 24 5 14 21 12 18 23 5 12 18
23 39 18 23 26 0 26 26 31 33 19 26 10 24 19 27 31 34 29 6 21 17 23 13 12
30 39 17 22 16 22 0 37 27 7 45 24 32 23 38 37 21 30 40 28 33 28 21 12 34
14 13 16 5 6 12 14 0 17 21 8 4 22 29 14 16 11 9 3 18 10 10 11 18 7
3 20 8 18 16 22 16 13 0 23 15 16 27 31 21 23 21 3 10 28 17 17 13 20 14
23 43 10 15 9 15 17 30 20 0 38 17 25 16 31 30 14 23 33 21 26 21 14 5 27
15 27 11 27 19 25 19 22 12 26 0 5 15 34 9 8 24 10 17 17 2 13 16 23 17
10 22 15 20 23 29 23 15 34 30 17 0 16 38 25 25 28 5 12 12 19 19 20 27 18
13 29 11 21 19 25 19 16 21 26 9 14 0 34 9 17 15 19 19 10 11 7 16 23 2
16 16 17 26 25 31 25 21 13 32 17 25 8 0 15 14 7 16 24 18 19 15 22 29 10
20 35 2 27 10 16 10 22 21 17 15 10 6 25 0 23 15 15 25 22 17 13 7 14 8
21 36 3 28 11 17 11 23 22 18 16 11 7 26 1 0 16 16 26 23 18 14 8 15 9
9 26 14 24 22 28 22 19 6 29 21 22 33 37 27 29 0 9 16 34 23 23 19 26 20
30 17 20 15 16 22 24 10 27 31 12 14 23 39 18 20 21 0 7 19 14 14 21 28 11
20 10 13 20 21 27 21 15 17 28 5 10 16 36 11 13 26 15 0 12 7 7 18 25 4
17 33 15 25 23 29 23 20 25 30 13 18 4 38 13 21 19 23 23 0 15 11 20 27 6
13 30 18 28 26 32 26 23 10 33 25 26 37 41 31 33 31 13 20 38 0 27 23 30 24
18 22 11 14 15 21 19 9 15 26 17 13 15 21 9 25 20 18 12 27 5 0 16 23 17
17 25 12 17 3 9 3 18 14 10 20 3 19 18 28 28 8 8 15 15 22 22 0 7 21
27 35 5 10 13 19 13 40 24 20 30 13 19 11 26 25 18 18 25 25 18 26 10 0 21
22 41 9 33 17 23 17 28 19 24 21 17 12 32 7 29 13 22 31 8 23 19 14 21 0
