25
0 4 10 8 4 10 21 8 3 9 13 6 1 10 13 3 12 9 20 19 15 11 9 6 11 
22 0 17 20 16 22 24 20 15 5 9 2 13 13 25 17 16 21 23 31 11 7 21 8 19
19 13 0 17 13 19 17 17 12 18 6 12 10 6 22 10 21 18 16 28 4 5 18 2 12
24 2 19 0 18 14 18 22 17 7 11 4 15 15 18 19 4 18 25 33 13 4 23 10 21
23 23 23 21 0 23 40 21 16 28 27 25 24 29 26 18 25 22 39 32 29 25 22 21 24
24 8 5 6 10 0 22 22 17 13 11 4 15 11 12 15 10 4 21 33 9 10 8 7 17
13 13 13 11 14 13 0 11 6 18 17 15 14 19 16 16 15 12 29 22 19 15 12 15 14
24 2 22 22 13 17 26 0 17 7 11 4 15 15 20 19 26 21 25 11 13 9 16 10 3
7 7 7 5 8 7 24 5 0 12 11 9 8 13 10 10 9 6 23 16 13 9 6 9 8
17 11 17 15 11 17 19 15 10 0 4 9 8 8 20 12 19 16 18 26 6 2 16 15 14
13 7 13 11 7 13 15 11 6 12 0 9 4 4 16 8 15 12 14 22 2 3 12 11 10
23 23 23 21 24 23 42 21 16 28 27 0 24 31 26 26 25 22 41 32 29 25 22 6 24
9 9 9 7 3 9 28 7 2 14 13 11 0 17 12 12 11 8 27 18 15 11 8 11 10
24 24 24 22 16 24 11 22 17 14 18 9 22 0 27 27 16 23 10 33 20 16 23 15 6
14 8 14 12 8 14 16 12 7 13 1 10 5 5 0 9 16 13 15 23 3 4 13 12 11
23 17 23 21 8 23 25 21 16 22 10 16 14 14 9 0 25 22 24 32 12 13 22 3 13
20 14 15 18 14 10 22 18 13 3 7 16 11 11 23 15 0 14 21 29 9 5 19 17 17
20 14 1 18 14 20 18 18 13 19 7 13 11 7 23 11 22 0 17 29 5 6 19 3 13
14 14 14 12 15 14 1 12 7 9 13 8 15 10 17 17 6 13 0 23 8 9 13 16 15
23 14 11 12 7 6 25 21 16 19 10 10 14 14 9 18 16 10 24 0 12 13 5 13 20
26 11 26 24 14 26 13 24 19 16 16 8 20 2 15 6 18 25 12 35 0 1 25 9 8
28 22 28 26 22 28 30 26 21 27 15 7 19 19 14 23 30 27 29 37 17 0 27 13 25
18 9 6 7 2 1 20 16 11 14 5 5 9 9 4 13 11 5 19 27 7 8 0 8 15
17 17 17 15 18 17 36 15 10 22 21 19 18 25 20 20 19 16 35 26 23 19 16 0 18
25 19 25 23 10 25 27 23 18 8 12 3 16 16 28 20 27 24 26 34 14 10 24 9 0
