25
0 40 31 23 27 25 21 18 22 19 23 23 32 15 22 29 28 32 16 12 28 25 36 18 34 
19 0 21 11 11 29 16 21 6 3 22 13 27 21 12 19 34 16 19 18 23 15 26 13 11
20 25 0 8 31 8 24 21 7 23 23 14 21 22 7 20 35 17 19 19 17 16 27 21 19
43 48 35 0 40 43 37 25 30 32 30 30 25 28 29 27 41 24 39 32 48 29 20 38 42
34 39 33 19 0 19 15 32 21 32 37 25 22 28 34 31 41 31 30 30 22 27 38 12 33
15 20 17 11 26 0 19 13 2 18 18 9 30 17 15 15 30 12 11 14 26 11 22 16 14
34 20 25 16 26 33 0 24 21 18 24 29 30 22 15 30 35 18 22 29 26 26 27 16 14
33 38 13 5 25 21 12 0 20 17 21 5 20 13 4 11 26 30 32 10 26 7 18 16 32
13 18 15 14 24 23 17 17 0 16 16 7 28 15 13 13 28 10 20 12 24 9 20 14 12
16 21 18 17 8 26 20 20 3 0 19 10 31 18 16 16 31 13 23 15 27 12 23 17 15
13 50 28 11 37 36 34 31 32 29 0 36 26 25 10 34 38 21 29 25 41 30 30 31 44
28 33 8 15 20 16 14 10 15 12 16 0 25 8 14 6 21 25 27 5 21 2 13 11 27
18 23 10 18 22 18 16 22 5 14 21 12 0 10 17 8 23 15 25 7 23 4 15 13 17
20 25 22 18 12 30 16 24 7 4 8 14 35 0 18 13 13 17 27 19 31 16 20 21 19
29 39 26 1 38 34 32 33 21 30 16 23 16 26 0 24 39 31 41 23 20 20 31 29 33
31 36 27 19 39 16 24 14 18 31 34 19 35 27 18 0 40 28 12 24 31 21 7 21 30
27 13 31 5 24 14 3 34 16 16 14 23 40 31 24 29 0 26 32 28 36 25 36 26 24
19 29 7 15 16 15 20 28 11 8 6 18 28 4 14 16 17 0 31 23 24 20 9 25 23
35 40 15 7 27 23 12 2 22 19 23 7 23 15 6 13 28 32 0 12 19 9 20 9 34
23 28 27 10 15 13 9 29 10 7 11 19 20 3 9 16 16 20 30 0 16 21 23 6 22
22 27 11 9 23 19 17 13 9 15 19 3 4 11 17 9 24 19 29 8 0 5 16 14 21
26 31 6 14 18 14 12 27 13 10 14 22 23 6 13 4 19 23 25 3 19 0 11 9 25
25 30 27 26 36 35 29 21 12 28 28 19 40 27 25 7 40 22 19 24 36 21 0 26 24
32 23 21 7 29 29 3 23 19 21 29 13 14 21 18 19 34 29 25 18 10 15 26 0 17
20 6 23 2 12 31 5 10 7 4 17 15 16 23 1 21 36 17 8 20 12 17 28 2 0
