25
0 14 16 25 12 10 26 26 19 15 22 28 11 15 7 14 13 48 13 14 16 19 38 8 21 
3 0 19 11 15 13 26 25 18 22 25 31 14 18 10 17 16 34 20 17 16 5 15 11 7
16 22 0 15 14 18 28 10 3 19 13 30 11 31 3 12 9 56 24 16 18 27 40 13 32
23 21 17 0 16 17 30 20 20 11 26 32 23 20 20 19 28 55 9 18 20 26 42 20 28
7 25 9 27 0 21 14 22 12 10 10 16 7 22 12 3 12 59 24 2 4 30 26 4 18
7 4 11 15 2 0 16 24 14 12 12 18 9 22 14 5 14 38 24 4 6 9 28 6 11
24 22 18 11 17 18 0 22 15 12 27 33 24 20 21 20 29 56 10 19 13 27 12 21 4
6 26 13 5 4 22 18 0 11 9 14 20 6 21 16 2 16 60 14 6 8 31 30 3 22
13 25 15 12 11 21 25 7 0 16 10 27 13 28 18 9 12 59 21 13 15 30 37 10 29
15 35 17 14 8 31 22 9 20 0 18 24 15 30 20 11 20 69 23 10 12 40 34 12 26
18 15 5 20 13 11 27 15 8 23 0 29 20 33 8 16 2 49 29 15 17 20 39 17 22
9 11 6 11 2 12 8 6 9 12 12 0 9 24 9 5 3 45 20 4 6 16 12 6 12
37 43 21 36 35 39 49 31 24 40 34 51 0 52 24 33 30 33 45 37 39 48 61 34 53
20 32 22 19 18 28 32 14 7 23 17 34 20 0 25 16 19 66 28 20 22 37 44 17 14
11 19 9 24 23 21 37 19 12 15 22 39 11 26 0 7 6 53 13 25 27 24 34 8 26
4 18 20 21 16 14 30 16 9 7 26 32 4 19 11 0 17 52 17 18 20 23 42 1 25
16 13 3 18 11 9 25 13 6 21 21 27 18 31 6 14 0 47 27 13 15 18 37 15 20
11 14 18 10 9 27 23 5 16 14 19 25 11 26 21 7 21 0 19 11 13 19 35 8 21
14 12 8 16 7 8 21 11 11 2 17 23 14 29 11 10 19 46 0 9 11 17 33 11 19
5 25 13 25 16 26 22 20 16 8 8 14 5 20 16 1 10 59 18 0 20 30 26 2 26
21 27 5 20 19 23 10 15 8 24 18 35 21 36 8 17 14 61 29 21 0 32 22 18 14
40 43 47 39 38 56 52 34 50 29 48 54 40 55 50 36 50 29 48 40 42 0 64 37 50
16 28 6 15 14 24 11 10 3 19 13 30 16 31 9 12 15 62 24 16 1 33 0 13 15
3 17 19 23 15 13 29 18 11 18 25 31 3 18 10 18 16 51 16 17 19 22 41 0 24
47 45 41 24 40 41 54 44 44 35 50 56 47 62 44 43 52 79 33 42 44 50 66 44 0
