25
0 17 11 5 8 26 24 12 17 15 20 9 15 19 8 23 14 13 22 11 23 31 14 23 8 
10 0 11 14 22 26 7 20 17 15 15 9 12 22 8 23 14 23 12 28 6 41 14 5 18
16 6 0 20 28 12 13 9 25 4 21 14 18 28 16 31 19 19 18 17 12 37 22 11 24
17 12 6 0 22 21 19 15 12 10 15 4 10 22 3 18 9 25 17 23 18 43 9 18 25
8 20 14 13 0 29 27 4 20 18 21 9 27 11 11 26 14 14 22 12 26 32 17 17 16
23 18 12 21 15 0 25 19 18 16 20 10 28 27 9 24 15 13 23 11 24 31 15 24 31
23 25 19 28 15 34 0 19 25 23 25 14 32 32 16 31 19 29 27 27 31 47 22 22 31
21 16 10 20 24 25 23 0 16 14 17 5 23 24 7 22 10 10 18 8 22 28 13 13 29
5 19 13 10 13 9 26 17 0 17 27 11 20 24 10 6 16 18 24 16 25 36 16 7 13
12 2 15 16 24 23 9 5 14 0 17 10 14 24 12 20 15 15 14 13 8 33 11 7 20
9 26 20 14 7 35 33 11 26 24 0 18 24 7 17 32 23 21 31 19 32 39 23 32 17
16 11 5 15 18 20 18 14 11 9 11 0 18 18 2 17 5 24 13 22 17 42 8 8 24
19 14 8 2 24 23 21 9 14 12 17 6 0 24 5 20 11 19 19 17 20 37 11 20 27
2 19 13 7 10 28 26 14 19 17 22 11 17 0 10 25 16 15 24 13 25 33 16 25 10
14 9 3 19 19 18 16 12 9 7 12 1 19 19 0 15 6 22 14 20 15 40 6 15 22
17 11 24 22 26 39 18 14 30 9 19 19 23 15 21 0 24 12 23 10 17 30 27 16 25
20 10 14 15 18 29 17 17 20 18 11 12 13 18 11 26 0 27 8 25 16 45 17 9 28
20 27 21 25 18 36 34 11 27 25 11 16 34 18 18 33 21 0 29 19 33 18 24 24 28
12 2 6 7 10 21 9 9 12 10 3 4 5 10 3 18 9 19 0 17 8 37 9 1 20
18 29 23 23 16 38 36 13 29 27 9 18 36 16 20 13 23 2 31 0 35 20 26 26 26
4 8 14 8 12 29 15 16 20 18 24 12 6 23 11 26 17 17 25 15 0 35 17 13 12
13 30 24 18 21 39 37 25 30 28 21 22 28 11 21 25 27 14 35 12 36 0 27 36 21
8 22 16 13 16 12 29 20 3 20 30 14 23 27 13 9 19 21 27 19 28 39 0 10 16
8 12 6 7 22 21 19 15 12 10 15 4 17 14 3 18 9 25 17 23 18 43 9 0 16
24 38 32 29 32 28 45 36 19 36 46 30 39 30 29 25 35 37 43 35 44 19 16 26 0
