25
0 25 17 9 41 11 29 21 28 6 14 14 5 17 15 18 23 30 32 3 7 23 10 13 14 
35 0 8 12 32 10 20 20 19 17 13 12 20 16 6 12 14 30 23 17 18 17 13 10 20
34 29 0 4 31 19 19 29 28 9 18 17 16 21 15 14 13 19 22 22 10 19 6 2 13
24 34 17 0 48 36 36 46 45 30 35 38 30 26 32 18 30 36 39 27 31 23 10 19 17
44 9 17 21 0 11 29 21 28 15 14 13 5 1 15 21 23 39 32 12 16 26 22 19 23
37 14 17 16 46 0 22 10 33 10 3 18 10 6 20 22 28 32 25 7 11 27 14 14 18
15 19 27 11 23 21 0 31 38 16 24 24 15 11 25 28 33 10 3 13 17 8 20 23 4
27 31 7 6 33 21 12 0 30 11 20 19 18 23 17 16 15 22 15 24 12 21 8 4 16
19 9 17 21 41 11 29 21 0 21 14 13 5 1 15 21 23 39 32 18 16 26 22 19 23
38 16 11 15 35 13 23 23 22 0 16 8 7 8 9 25 17 33 26 20 1 30 17 13 8
46 11 17 16 43 13 31 23 30 7 0 15 7 3 17 19 25 41 34 4 8 24 11 14 15
29 22 30 34 54 32 42 42 41 35 35 0 34 38 28 34 36 52 45 32 36 39 35 32 46
41 20 14 18 38 6 26 16 25 16 9 24 0 12 12 28 20 36 29 13 17 33 20 16 24
43 8 16 20 40 10 28 20 27 20 13 12 4 0 14 20 22 38 31 17 21 25 21 18 32
29 18 2 6 26 4 14 14 13 11 7 19 14 10 0 16 8 24 17 11 12 21 8 4 18
51 16 24 28 48 18 36 28 35 20 21 28 12 8 22 0 30 28 21 17 21 5 1 26 8
21 16 4 8 18 6 6 16 15 12 5 20 12 8 2 18 0 16 9 9 13 14 10 6 10
44 35 10 14 41 29 29 39 38 19 28 27 26 27 25 24 23 0 32 32 20 29 16 12 23
19 29 17 21 20 20 36 30 35 13 23 21 25 21 22 31 30 7 0 10 14 36 23 19 1
41 24 14 12 38 10 26 20 25 3 13 11 10 16 12 15 20 36 29 0 4 20 7 10 11
37 15 10 14 34 12 22 22 21 19 15 7 11 7 8 24 16 32 25 19 0 29 16 12 7
46 11 19 23 43 13 31 23 30 23 16 15 7 3 17 23 25 41 34 20 24 0 24 21 35
59 24 29 28 56 26 44 36 43 19 29 27 20 16 30 8 38 36 29 16 20 13 0 26 7
32 23 3 2 29 17 17 27 26 7 16 15 14 15 13 12 11 27 20 20 8 17 4 0 11
50 33 23 21 47 19 35 29 34 12 22 20 19 25 21 24 29 45 38 9 13 29 16 19 0
