30
0 25 12 3 17 12 18 10 16 20 16 24 22 16 11 18 18 6 6 16 9 23 28 29 19 14 15 18 27 26 
17 0 13 10 1 9 19 13 22 10 8 14 12 6 14 8 20 13 23 14 23 21 13 4 12 15 17 21 29 11
4 16 0 2 5 12 6 10 9 26 24 10 13 22 11 6 17 5 10 10 13 17 29 20 13 2 15 18 26 14
21 17 17 0 18 19 23 15 26 20 25 24 14 16 16 23 15 3 27 19 18 26 30 21 16 19 20 13 24 28
15 22 11 9 0 7 17 9 20 17 30 21 19 20 10 7 27 12 21 21 24 28 35 26 24 13 14 17 36 25
22 15 24 26 16 0 23 24 26 10 23 14 12 21 25 25 20 29 28 17 23 24 28 19 11 21 16 32 29 26
1 10 6 4 11 13 0 4 3 20 18 16 7 16 5 12 19 7 7 4 10 11 23 14 7 8 9 12 28 8
6 20 2 4 7 8 8 0 11 15 28 19 17 11 1 8 25 7 12 12 15 19 33 24 15 4 5 8 34 16
7 7 3 5 8 9 9 1 0 17 15 13 4 13 2 9 27 8 13 13 16 20 20 11 19 5 6 9 36 18
12 5 14 16 6 14 13 14 16 0 13 4 2 11 15 15 10 19 18 7 13 14 18 9 11 11 16 22 19 16
11 13 7 9 12 13 13 5 16 20 0 24 22 16 6 13 30 12 17 13 20 20 12 17 4 9 9 13 39 24
10 16 15 13 17 10 9 13 12 11 24 0 13 7 14 21 21 16 16 13 19 20 29 20 16 17 18 21 30 17
10 3 12 14 4 12 18 16 21 13 11 17 0 9 17 13 23 17 16 5 19 12 16 7 15 9 20 24 32 14
16 9 18 20 10 3 17 18 20 4 17 8 6 0 19 19 14 6 22 11 17 18 22 13 15 15 20 26 23 20
17 19 13 15 18 7 19 18 22 14 27 18 16 10 0 19 24 18 23 23 26 30 32 23 18 15 23 7 33 12
16 27 12 2 17 14 18 12 21 22 35 26 24 18 13 0 17 5 22 22 11 29 40 31 18 14 17 20 26 12
10 19 6 8 11 6 12 4 15 14 17 18 16 10 5 12 0 11 7 10 3 17 32 23 1 8 6 12 9 20
18 32 14 16 19 18 20 12 23 27 40 24 29 23 13 20 12 0 24 24 15 31 45 36 13 16 17 20 21 28
10 19 6 8 11 6 12 4 15 14 10 18 16 10 5 12 24 11 0 10 3 17 22 23 14 8 9 12 14 20
27 8 23 18 9 17 29 21 32 18 16 22 20 14 22 16 28 21 33 0 31 7 21 12 20 25 25 29 37 19
7 16 3 5 8 3 9 1 12 11 24 15 13 7 2 9 21 8 13 7 0 14 29 20 16 5 6 9 30 17
15 27 11 13 10 17 17 21 20 27 35 21 24 33 22 17 37 16 21 21 24 0 40 31 24 13 26 29 35 25
20 1 16 11 2 10 22 14 25 11 9 15 13 7 15 9 21 14 26 1 24 8 0 5 13 18 18 22 30 12
15 10 11 13 11 5 17 9 20 6 4 10 8 2 10 17 16 8 21 10 19 17 9 0 8 13 13 17 25 7
24 30 29 16 17 24 23 27 26 25 19 14 27 21 28 24 35 19 30 27 33 34 31 34 0 31 5 35 44 31
7 17 3 5 3 10 9 13 12 19 25 8 16 15 14 4 29 8 13 13 16 20 16 21 16 0 18 21 27 17
19 25 24 11 12 19 18 22 21 20 14 9 22 16 23 19 30 14 25 22 28 29 26 29 18 26 0 30 39 26
19 12 23 22 13 6 20 21 23 7 20 11 9 3 22 20 17 9 25 14 20 21 25 16 18 25 23 0 26 23
21 26 17 19 22 17 23 15 26 22 20 26 24 18 16 23 14 22 11 21 14 28 25 16 15 19 20 23 0 23
12 26 8 10 13 14 14 6 17 21 34 18 23 17 7 14 31 13 18 18 21 25 39 30 21 10 11 14 40 0
