30
0 6 9 5 8 11 8 12 9 15 8 10 6 12 19 11 7 10 22 14 14 14 13 13 14 10 23 4 7 14 
14 0 6 11 2 8 14 6 15 17 14 7 12 17 16 16 13 14 14 8 15 11 18 11 8 16 25 10 13 16
25 13 0 19 15 2 22 19 11 18 9 20 20 17 12 29 21 8 15 21 10 5 17 14 21 11 26 18 12 17
12 9 4 0 11 6 3 15 4 17 3 5 17 11 14 25 18 5 17 17 12 9 14 8 17 5 25 15 2 19
12 19 8 17 0 10 20 4 18 15 10 5 19 15 14 14 20 16 12 6 13 13 16 9 6 12 23 17 16 14
25 11 15 22 13 0 21 17 14 28 16 18 23 15 27 27 24 15 25 19 25 20 24 21 19 18 36 21 12 27
20 20 8 19 22 9 0 21 7 25 9 13 20 30 22 36 21 8 25 23 18 13 17 14 28 11 22 18 5 27
18 12 12 23 14 14 16 0 12 11 6 19 24 29 28 28 25 12 8 2 15 9 21 11 20 8 19 22 21 10
13 19 1 18 21 2 21 22 0 18 10 6 19 25 15 24 20 9 18 24 14 6 18 10 27 12 15 17 13 20
7 13 1 12 15 3 15 19 16 0 10 17 13 19 17 18 14 9 20 21 9 6 20 15 21 12 8 11 14 9
12 18 10 17 20 12 20 24 21 27 0 12 18 24 21 23 19 18 24 14 9 15 25 5 26 2 20 16 19 26
7 13 3 12 15 5 15 19 16 12 12 0 13 19 9 18 14 11 12 21 8 8 20 4 21 14 20 11 14 14
18 7 10 6 9 12 9 13 10 24 9 11 0 17 20 23 20 11 23 15 18 15 20 14 15 11 32 17 8 25
19 26 14 24 7 15 6 11 13 22 15 12 26 0 21 21 27 14 19 13 20 20 23 16 13 17 30 24 11 21
13 19 7 18 21 9 11 20 18 6 8 23 19 25 0 24 20 7 3 13 17 4 16 13 27 10 14 17 16 5
16 5 4 4 7 6 7 6 4 11 6 9 5 1 18 0 6 5 14 8 3 9 2 11 13 8 19 3 2 16
24 30 22 29 32 24 16 36 23 31 12 34 30 36 43 35 0 24 34 26 21 27 33 17 38 14 39 28 21 36
13 12 11 11 14 12 14 13 10 21 1 16 12 22 25 28 13 0 21 15 10 16 9 6 20 3 29 10 8 20
10 16 4 15 18 6 8 17 15 3 5 20 16 22 20 21 17 4 0 10 14 1 13 10 24 7 11 14 13 2
18 24 11 23 26 12 16 25 10 11 4 16 24 30 25 29 25 12 8 0 13 9 21 9 32 6 19 22 21 10
21 18 1 9 20 3 12 22 13 19 10 14 21 20 13 34 22 9 16 24 0 6 18 15 26 12 27 19 11 18
16 15 10 14 17 11 17 16 9 24 4 19 15 25 28 31 16 3 24 18 13 0 12 9 23 6 32 13 7 23
14 3 2 2 5 4 5 4 6 12 5 7 3 13 16 19 4 7 12 6 1 7 0 10 11 7 20 1 4 11
14 20 5 13 22 7 16 26 17 22 14 7 20 24 16 25 21 13 19 9 4 10 22 0 28 16 30 18 15 21
14 13 7 12 15 9 15 14 12 22 14 7 13 9 16 8 14 13 19 16 11 12 10 11 0 16 12 11 10 21
17 23 8 16 25 10 19 29 20 25 17 10 23 27 19 28 24 16 22 12 7 13 25 3 31 0 33 21 18 24
18 24 6 23 26 7 20 30 5 15 2 11 24 25 9 24 7 16 12 16 11 13 26 7 16 4 0 22 25 14
13 2 5 1 4 7 4 8 5 11 4 6 2 19 15 18 3 6 18 10 13 10 15 9 10 6 19 0 3 10
15 15 3 14 17 4 17 16 2 23 4 8 15 32 17 31 16 3 20 18 13 8 12 9 23 6 31 13 0 22
8 14 2 13 16 4 6 18 13 1 6 18 14 20 18 19 15 5 21 20 15 7 14 11 22 8 9 12 11 0
