30
0 3 6 30 12 17 28 14 15 29 23 18 9 17 11 9 12 12 29 13 15 11 16 7 10 5 15 2 8 8 
17 0 24 36 18 26 34 20 27 41 29 24 21 23 17 15 18 18 35 22 14 17 16 13 16 16 21 8 14 20
11 11 0 31 10 11 28 18 9 23 27 16 3 13 6 9 16 8 33 7 19 15 18 11 18 7 19 10 12 2
19 22 20 0 22 15 15 20 23 37 41 28 17 19 18 17 11 14 30 2 17 29 30 25 27 19 13 21 18 16
18 18 27 30 0 10 45 19 30 44 28 6 24 26 13 24 17 21 34 21 13 16 25 12 25 14 20 17 13 23
8 8 14 20 17 0 35 19 23 22 28 23 17 22 3 14 17 17 34 12 20 16 15 12 15 4 20 7 13 16
12 9 20 36 18 22 0 5 23 37 29 24 17 19 17 10 16 14 22 7 6 17 16 13 16 5 6 8 14 16
7 10 15 37 19 17 24 0 18 32 29 25 12 14 15 5 11 9 17 2 1 18 23 14 17 12 1 9 15 11
11 14 17 37 7 17 33 9 0 14 18 13 20 23 6 14 7 18 24 4 10 6 22 2 21 16 10 13 3 19
19 18 27 35 5 15 50 21 30 0 25 11 15 34 18 17 19 29 13 23 19 18 29 14 29 19 13 21 15 23
7 10 13 27 12 7 24 14 22 17 0 18 16 24 10 5 12 19 6 10 15 11 4 7 17 11 15 9 8 15
12 12 18 24 11 4 39 13 27 41 22 0 21 26 7 18 11 21 28 15 14 10 19 6 19 8 14 11 7 20
17 20 12 31 18 11 46 20 15 29 29 7 0 19 14 15 18 14 35 19 21 17 26 13 27 15 21 19 14 8
11 11 16 23 20 3 38 22 19 33 31 26 13 0 6 9 3 10 25 15 9 19 18 15 8 7 5 10 16 12
5 8 11 35 17 25 33 19 20 34 28 23 14 22 0 14 17 17 34 18 20 16 21 12 15 10 20 7 13 13
2 5 8 32 14 15 19 16 17 31 25 11 11 19 13 0 14 14 31 15 17 13 18 9 12 7 17 4 10 10
8 11 14 38 20 22 25 22 23 37 31 17 17 19 19 6 0 14 22 21 6 19 24 15 18 13 2 10 16 16
11 14 6 28 16 8 43 18 9 23 27 10 3 5 6 14 8 0 16 13 14 15 23 11 13 12 10 13 12 2
10 5 16 36 6 16 32 8 25 39 12 12 19 22 5 13 6 17 0 10 9 5 16 1 20 15 9 12 2 18
17 20 23 33 29 13 48 31 32 46 40 35 26 28 16 15 9 23 31 0 15 28 28 24 27 17 11 19 25 25
19 12 14 36 22 16 51 24 17 31 28 18 11 13 14 22 16 8 16 21 0 21 32 17 21 20 18 21 18 10
9 12 15 39 21 19 26 23 24 38 12 27 18 20 20 7 1 15 18 22 7 0 16 16 19 14 3 11 17 17
3 6 9 33 8 18 20 10 18 32 26 14 12 20 7 1 15 15 32 12 11 14 0 10 13 8 11 5 4 11
9 12 15 35 5 15 31 7 24 38 16 11 18 21 4 12 5 16 22 9 8 4 20 0 19 14 8 11 1 17
11 14 8 20 18 10 35 20 11 25 29 12 5 7 8 9 3 2 18 15 9 17 25 13 0 14 5 13 14 4
12 4 19 31 13 21 29 15 22 18 24 19 16 18 12 10 13 13 30 17 16 12 11 8 11 0 16 3 9 15
6 9 12 36 18 22 23 20 21 35 29 24 15 19 17 4 18 14 22 19 6 17 22 13 16 11 0 8 14 14
9 1 16 28 10 18 26 12 19 33 21 16 13 15 9 7 10 10 27 14 13 9 25 5 8 14 13 0 6 12
8 11 14 34 4 14 30 6 23 37 31 10 17 20 3 11 20 15 23 8 7 19 24 15 18 13 7 10 0 16
9 12 4 34 14 14 26 16 7 21 25 8 1 11 4 7 14 6 31 11 17 13 29 9 19 18 17 11 10 0
