30
0 13 10 6 12 12 16 4 11 20 16 15 5 15 17 16 21 25 11 9 7 16 11 18 13 21 12 13 16 17 
5 0 2 10 16 16 6 9 3 12 11 21 10 18 12 8 24 17 8 7 12 6 15 10 1 8 17 14 14 9
3 11 0 10 18 14 6 7 1 10 9 19 8 16 10 6 22 26 8 12 10 11 13 8 12 19 15 12 14 7
11 19 8 0 6 21 12 15 9 18 17 22 16 20 13 14 26 30 14 13 18 12 21 16 7 27 23 20 20 15
5 13 2 10 0 15 6 9 3 12 11 16 10 14 7 8 20 24 8 7 12 6 15 10 1 21 17 14 14 9
17 17 14 6 12 0 9 8 15 24 20 19 9 16 19 20 22 13 4 3 11 18 15 22 13 25 16 12 20 21
15 23 12 4 10 15 0 14 13 22 18 17 15 14 8 18 20 24 2 13 17 16 23 20 11 31 22 10 8 19
9 9 6 12 11 8 12 0 7 16 12 11 1 11 13 12 17 21 10 5 3 12 7 14 10 17 8 9 12 13
2 14 12 9 17 13 5 6 0 9 8 18 7 15 9 5 21 25 7 11 9 10 12 7 15 22 14 11 13 19
7 15 13 5 11 7 8 6 5 0 13 21 7 6 14 10 12 16 3 5 9 15 17 12 12 23 14 2 18 20
9 7 6 9 14 6 12 10 7 16 0 18 11 9 9 12 15 19 7 9 13 13 5 14 8 15 18 6 22 13
10 8 7 10 15 7 9 7 8 17 1 0 8 10 17 13 16 7 8 2 10 1 6 15 9 16 15 7 19 14
13 8 10 11 10 7 14 12 11 20 11 10 0 10 12 16 16 20 9 12 15 11 6 18 9 16 7 8 11 17
10 22 7 7 5 1 10 9 8 17 16 15 10 0 12 13 6 10 5 4 12 11 20 15 6 19 17 13 21 14
15 17 12 14 12 8 17 19 13 22 10 9 20 7 0 18 13 17 12 11 9 10 15 20 13 25 27 16 25 19
16 11 13 14 13 10 17 11 14 23 14 13 3 13 4 0 19 23 12 6 14 5 9 21 12 19 10 11 14 20
5 17 16 10 14 10 6 9 17 26 10 9 10 9 15 22 0 4 8 7 12 10 15 24 15 13 17 16 14 23
15 27 14 6 12 15 2 14 13 22 20 19 15 14 10 18 20 0 4 11 17 10 25 20 13 9 9 10 13 21
13 25 10 2 8 13 5 12 11 20 19 23 13 12 14 16 18 22 0 11 15 14 23 18 9 33 20 8 13 17
14 14 11 16 16 13 12 5 12 21 17 16 6 16 18 17 22 10 14 0 8 17 12 19 15 22 13 14 17 18
6 10 3 13 17 9 9 10 4 13 12 22 11 12 13 9 18 12 11 2 0 14 8 11 11 18 18 15 17 10
15 15 12 17 17 14 13 6 13 22 18 17 7 17 19 18 23 11 15 1 9 0 13 20 16 10 14 15 18 19
7 2 4 5 9 1 8 11 5 14 6 19 12 4 14 10 10 14 3 4 14 8 0 12 3 10 19 12 16 11
8 7 5 10 14 6 11 11 6 15 1 19 12 9 10 11 15 19 8 9 14 13 5 0 8 15 19 7 23 12
4 16 1 9 15 15 5 8 2 11 10 20 9 17 11 7 23 16 7 6 11 5 14 9 0 15 16 13 13 8
22 17 19 15 19 16 11 17 20 29 20 19 9 19 10 6 25 29 13 12 20 11 15 27 18 0 16 17 20 26
6 18 5 4 3 6 7 5 4 13 12 14 6 5 5 9 11 15 2 4 8 9 16 11 4 26 0 1 4 12
5 17 11 3 9 5 6 4 3 12 11 19 5 4 12 8 10 14 1 3 7 13 15 10 10 25 12 0 16 18
8 18 15 15 13 9 18 12 16 25 11 10 13 8 1 21 14 18 13 12 15 11 16 23 14 26 20 17 0 22
4 16 1 11 19 15 7 8 2 11 10 20 9 17 11 7 23 27 9 13 11 12 14 9 17 24 16 13 15 0
