30
0 19 10 21 16 24 26 11 19 23 11 18 28 20 19 25 23 13 27 27 21 8 18 21 16 23 3 16 17 13 
21 0 22 21 21 22 24 22 17 30 16 19 29 18 24 26 5 11 25 34 22 20 26 19 14 24 25 17 18 14
11 10 0 11 6 15 20 18 10 13 1 9 19 14 9 16 15 12 21 17 12 10 16 15 15 14 10 7 8 18
25 16 14 0 6 22 26 18 10 26 15 15 35 20 9 22 21 27 17 30 28 24 25 21 24 21 10 23 14 20
19 10 8 5 0 16 20 12 4 20 9 9 29 14 3 16 15 21 11 24 22 18 19 15 18 15 4 17 8 14
15 24 17 17 12 0 18 16 11 30 18 25 36 12 15 33 28 5 19 34 29 25 23 13 8 22 16 24 25 26
29 6 27 21 27 14 0 11 11 23 22 25 35 21 21 19 11 19 28 27 28 25 18 22 17 22 22 23 24 20
25 13 15 10 16 14 16 0 9 23 16 12 22 10 19 19 12 15 17 27 15 13 7 11 6 17 20 10 11 21
23 17 16 18 18 12 30 28 0 27 13 16 26 24 21 23 22 17 27 31 19 14 23 21 20 11 22 14 15 11
17 11 13 6 12 16 21 19 8 0 7 10 12 15 7 17 9 13 22 4 5 11 9 16 16 15 8 8 9 5
10 9 11 10 5 14 19 17 9 12 0 8 18 13 8 15 14 11 20 16 11 9 15 14 14 13 9 6 7 17
21 1 10 16 11 9 11 9 15 23 11 0 30 5 14 27 6 14 12 27 23 21 16 6 17 25 15 18 19 15
26 25 15 26 21 11 29 27 22 28 16 24 0 23 24 31 30 16 30 32 27 13 31 24 19 10 25 22 23 33
16 12 5 11 6 4 6 4 10 18 6 13 24 0 9 21 16 9 7 22 17 15 11 1 12 19 10 12 13 23
16 15 5 2 11 13 25 9 1 18 6 14 26 19 0 21 20 18 26 22 19 15 16 20 15 12 1 14 13 11
18 6 7 4 13 20 25 11 3 4 8 14 16 19 2 0 11 17 26 8 9 15 13 20 20 19 3 12 13 9
16 15 17 16 16 17 19 17 12 25 11 14 24 13 19 21 0 6 20 29 17 15 21 14 9 19 20 12 13 9
10 19 12 18 13 11 13 11 6 25 13 20 31 7 16 28 23 0 14 29 24 20 18 8 3 17 13 19 20 30
27 7 16 13 17 15 17 15 21 22 17 6 34 11 20 18 12 20 0 26 27 27 22 12 23 31 5 24 10 21
13 7 9 5 8 12 17 15 4 17 3 6 8 11 3 13 5 9 18 0 1 7 5 12 12 11 4 4 5 1
18 17 15 12 7 18 21 9 5 27 16 16 7 15 10 23 9 8 22 31 0 20 4 16 11 17 11 21 15 18
13 12 2 13 8 16 18 16 11 15 3 11 21 12 11 18 17 5 19 19 14 0 18 13 8 16 12 9 10 20
18 17 7 18 13 22 24 22 17 20 8 16 26 18 16 23 5 11 25 24 19 17 0 19 14 21 17 14 15 14
15 13 4 15 10 3 21 19 14 17 5 12 23 15 13 20 18 8 6 21 16 14 20 0 11 18 14 11 12 22
20 16 9 15 10 8 10 8 3 22 10 17 28 4 13 25 20 13 11 26 21 17 15 5 0 14 14 16 17 27
16 15 5 16 11 1 19 17 12 18 6 14 24 13 14 21 20 6 20 22 17 3 21 14 9 0 15 12 13 23
22 16 18 15 10 21 24 8 14 26 12 15 25 18 13 22 20 18 25 30 18 16 15 19 14 20 0 13 14 10
15 3 5 4 11 8 13 11 11 13 6 2 12 7 11 9 8 5 14 17 5 3 9 8 8 7 12 0 1 18
22 2 11 3 9 10 12 10 11 12 12 1 24 6 10 8 7 15 13 16 17 23 21 7 18 27 11 20 0 17
12 6 8 7 7 11 16 14 11 16 2 5 15 10 10 12 11 8 17 20 8 6 12 11 11 10 11 3 4 0
