30
0 16 9 12 12 16 12 23 22 11 12 13 18 6 17 10 12 16 12 25 21 11 15 17 11 1 11 12 11 7 
25 0 33 36 37 36 36 51 44 35 27 29 22 31 32 35 36 41 34 47 35 32 40 33 36 23 33 32 31 29
16 11 0 3 7 11 3 18 18 2 7 4 13 22 12 16 3 22 9 22 16 10 10 8 10 10 8 7 6 12
14 9 11 0 16 9 14 29 25 9 5 11 11 20 10 14 10 20 12 25 14 10 19 15 8 12 15 5 4 21
15 19 21 10 0 19 24 11 20 19 15 21 21 21 20 24 20 30 10 23 24 20 3 24 18 16 9 15 14 5
20 15 8 7 15 0 11 17 22 6 11 8 17 26 16 20 7 26 13 26 5 7 18 12 14 18 12 11 10 13
21 16 18 7 4 16 0 15 24 16 12 18 18 27 17 21 17 27 7 20 21 17 7 22 15 19 13 12 11 9
22 26 28 17 7 26 13 0 27 26 22 28 28 28 27 31 27 37 17 30 31 27 10 31 25 23 16 22 21 12
15 10 7 1 9 10 10 20 0 9 6 11 12 21 11 15 10 21 13 26 15 6 12 4 9 13 18 6 5 14
14 9 9 1 12 9 8 11 16 0 5 2 11 20 10 14 1 20 7 20 14 8 15 6 8 12 6 5 4 7
11 17 6 9 13 17 9 24 24 8 0 10 8 17 5 21 9 27 15 28 8 5 16 14 16 9 14 13 12 18
12 7 7 10 10 7 6 21 25 9 3 0 9 18 8 12 10 18 10 23 12 6 13 4 6 10 15 3 2 15
3 14 11 14 15 14 14 29 22 13 5 7 0 9 10 13 14 19 12 25 13 10 18 11 14 1 11 10 9 7
19 25 14 17 21 25 17 29 32 16 8 18 16 0 13 29 17 35 12 25 16 13 24 22 8 17 22 21 20 26
11 20 20 12 9 20 19 20 27 11 16 13 22 17 0 21 12 27 18 31 10 19 12 17 19 12 18 16 15 14
15 18 10 10 2 18 6 13 22 9 4 11 12 21 9 0 10 6 4 17 12 9 5 15 1 8 11 5 13 7
11 26 18 16 13 26 21 10 15 17 12 19 20 17 17 21 0 27 6 19 20 17 16 19 16 12 5 13 21 6
18 17 17 8 9 17 13 20 23 16 11 18 19 24 16 7 17 0 11 24 22 17 12 15 8 2 12 12 12 8
17 20 12 12 7 20 15 17 27 11 6 13 14 23 11 25 12 31 0 13 14 11 10 17 10 15 16 7 15 12
19 14 14 6 11 14 13 4 21 5 10 7 16 25 15 19 6 25 5 0 19 13 14 11 13 17 11 10 9 16
15 10 10 2 13 10 9 12 17 1 6 3 12 21 11 15 2 21 8 21 0 9 16 7 9 13 7 6 5 8
17 12 1 4 8 12 4 19 19 3 8 5 14 23 13 17 4 23 10 23 17 0 11 9 11 15 9 8 7 13
16 16 18 7 15 16 21 8 21 16 12 18 18 22 17 21 17 27 11 24 21 17 0 22 15 17 10 12 11 6
19 14 3 6 5 14 6 16 21 5 10 7 16 25 15 19 6 25 12 25 19 2 8 0 13 17 14 10 9 10
21 24 16 16 11 24 19 21 31 15 10 17 18 13 15 29 16 35 4 17 18 15 14 21 0 19 20 11 19 16
16 17 16 19 16 27 19 28 21 18 9 20 17 22 14 14 19 20 11 24 17 15 19 13 15 0 10 19 22 6
6 21 13 13 8 21 16 18 28 12 7 14 15 12 12 16 13 22 1 14 15 12 11 18 11 7 0 8 16 13
18 13 13 5 16 13 12 15 20 4 9 6 15 24 14 18 5 24 7 20 18 12 19 10 3 16 10 0 8 11
10 5 7 6 12 5 10 25 21 5 1 7 7 16 6 10 6 16 8 21 10 6 15 11 4 8 11 1 0 17
10 11 17 16 12 25 20 22 15 16 11 18 19 16 16 20 17 26 5 18 19 16 15 19 15 11 4 12 20 0
