30
0 20 19 31 20 16 26 29 33 27 23 15 18 27 15 30 12 24 18 14 14 20 17 25 16 35 9 20 30 18 
11 0 10 35 19 18 17 20 32 18 27 18 28 7 16 21 15 25 9 18 5 13 8 16 15 26 20 24 21 17
1 1 0 32 20 17 18 21 33 8 24 19 19 8 16 22 16 25 10 15 6 17 9 17 20 19 10 21 11 18
10 10 9 0 14 15 22 10 27 17 7 9 8 17 10 26 25 14 14 13 15 14 13 6 10 16 19 4 20 12
16 16 15 21 0 12 34 12 13 23 13 23 14 23 18 16 22 6 24 20 22 21 25 20 17 18 19 10 19 19
13 13 12 18 14 0 25 14 27 20 10 24 21 20 17 15 21 8 17 19 18 20 16 24 16 20 22 22 23 18
14 14 13 30 14 15 0 23 27 21 22 9 23 21 3 24 30 20 12 13 19 14 22 19 10 29 23 19 24 12
14 15 14 20 17 18 22 0 30 22 12 12 7 22 6 26 32 13 14 16 10 17 13 26 13 6 23 24 7 15
8 8 7 24 8 9 18 6 0 15 16 10 13 15 5 3 9 7 10 7 13 8 9 7 4 12 6 13 13 6
12 6 11 25 12 18 18 21 25 0 17 17 26 13 19 22 21 18 10 16 6 9 9 17 18 11 21 22 3 10
3 3 2 8 22 19 15 18 35 10 0 17 8 10 18 19 18 14 7 17 8 22 6 14 18 24 12 12 13 20
5 5 4 21 5 6 22 19 18 12 13 0 14 12 2 21 20 11 8 4 10 5 13 15 1 25 14 10 15 3
7 20 19 25 27 23 34 12 40 27 17 22 0 27 18 26 19 6 14 21 22 27 25 21 23 18 16 29 19 25
12 12 11 28 12 13 29 26 25 19 20 11 21 0 9 14 8 18 15 11 17 9 20 22 8 32 21 17 22 10
11 11 10 27 11 12 28 25 24 18 19 6 20 18 0 27 26 17 14 10 16 11 19 21 7 31 20 16 21 9
5 5 4 21 5 6 15 18 18 12 13 9 14 12 2 0 6 11 7 4 10 5 6 14 1 24 14 10 15 3
8 8 7 24 8 9 25 22 21 15 16 3 17 15 5 24 0 14 11 7 13 8 16 18 4 28 17 13 18 6
14 14 13 19 23 24 28 6 36 21 11 18 13 21 12 30 29 0 18 22 16 23 19 25 19 12 23 23 13 21
15 15 14 31 15 16 18 11 28 22 23 10 18 22 12 12 18 21 0 14 6 15 9 7 11 17 24 20 18 13
12 12 11 17 19 2 22 15 32 19 9 14 10 19 16 16 22 16 4 0 10 19 13 11 15 21 21 6 22 17
6 6 5 35 19 13 12 15 15 13 27 14 22 13 16 18 24 25 4 18 0 8 3 11 15 21 21 24 16 17
17 17 16 33 17 18 27 13 30 24 25 12 20 24 14 33 32 23 19 16 15 0 18 9 13 19 26 22 20 15
16 16 15 32 16 17 9 12 29 23 24 11 19 11 13 13 19 22 1 15 7 16 0 8 12 18 25 21 19 14
8 8 7 24 8 9 18 4 21 15 16 3 11 15 5 24 23 14 10 7 6 8 9 0 4 10 17 13 11 6
4 4 3 20 4 5 21 18 17 11 12 7 13 11 1 20 19 10 7 3 9 4 12 14 0 24 13 9 14 2
9 9 8 14 21 22 14 17 34 16 6 16 14 16 18 18 24 20 6 20 14 21 5 13 17 0 18 18 19 19
17 17 16 22 17 7 27 20 30 24 14 12 9 24 6 21 27 15 9 5 15 17 18 16 13 26 0 11 27 15
6 6 5 11 25 26 18 16 38 13 3 20 4 13 22 22 21 10 10 24 11 25 9 17 21 22 15 0 16 23
9 9 8 19 9 16 15 18 22 16 26 17 27 16 12 19 25 15 7 14 3 6 6 14 11 24 18 23 0 7
22 22 21 12 2 8 28 14 15 29 19 21 20 29 20 18 24 8 10 6 16 2 19 18 19 20 21 16 21 0
