30
0 15 21 21 23 17 10 10 15 20 6 17 32 29 26 18 24 27 8 22 24 21 17 24 11 22 17 30 23 23 
6 0 6 33 8 2 16 10 10 5 12 2 28 35 38 18 20 12 7 22 24 21 2 19 17 28 17 17 25 8
14 8 0 41 2 10 24 18 18 13 20 6 19 43 46 26 28 20 15 30 32 29 10 27 25 36 25 21 33 16
22 16 22 0 17 18 11 11 16 21 7 18 28 32 5 10 32 21 9 23 16 22 18 25 12 44 18 7 17 24
18 16 8 32 0 14 28 9 26 21 24 4 17 47 37 17 39 28 21 21 23 20 18 35 19 40 16 19 24 20
4 19 20 25 17 0 14 14 16 11 10 16 36 33 30 22 28 18 12 26 28 25 21 25 15 26 21 34 27 6
15 16 22 11 24 11 0 11 16 21 7 18 34 21 16 19 39 30 20 23 26 22 18 25 12 37 18 18 26 17
13 24 16 23 15 22 15 0 12 7 19 12 23 42 28 8 30 14 19 12 14 11 17 21 10 35 7 20 15 28
27 31 23 23 15 33 26 26 0 32 22 19 26 47 28 8 30 19 19 27 14 37 25 9 18 49 33 20 15 32
19 17 9 19 11 15 8 19 5 0 15 5 31 29 24 13 35 7 24 31 19 30 19 14 20 41 26 25 20 21
15 9 15 15 17 11 4 4 9 14 0 11 27 25 20 12 34 23 16 16 18 15 11 18 5 37 11 24 19 17
14 12 4 35 6 10 24 24 22 17 20 0 23 43 40 30 32 24 17 35 36 35 14 31 25 36 30 15 37 16
13 26 18 28 20 9 23 23 25 20 19 24 0 42 33 13 35 24 24 12 19 34 17 24 10 35 7 25 20 15
10 4 10 14 12 6 20 14 14 9 16 6 17 0 19 22 21 16 11 26 5 25 6 23 21 32 21 11 29 12
23 31 29 28 31 33 33 29 27 37 29 33 31 27 0 35 35 46 27 23 19 40 21 36 14 45 36 25 42 37
19 23 15 15 7 25 29 16 13 24 25 11 18 48 20 0 22 11 11 19 6 27 17 22 10 41 23 12 7 24
21 19 11 16 13 17 10 21 7 2 17 7 8 31 21 1 0 12 12 20 7 32 18 16 11 43 15 13 8 2
29 27 19 29 21 25 18 29 15 10 25 15 41 39 34 23 45 0 34 41 29 40 29 24 30 51 36 35 30 31
34 38 30 30 22 40 44 31 28 35 40 26 33 38 35 15 33 26 0 34 21 42 32 18 25 31 38 27 22 35
20 14 6 25 8 16 14 14 25 20 10 12 26 35 24 19 18 30 21 0 25 25 16 12 15 42 21 31 26 20
19 32 24 9 16 21 20 20 23 18 16 20 12 41 14 9 16 20 8 24 0 31 29 32 22 41 19 6 16 18
2 17 19 23 11 19 12 12 17 22 8 15 12 31 28 20 26 29 10 24 26 0 19 26 13 24 19 32 25 25
21 14 20 31 22 16 31 8 25 20 27 16 26 50 36 16 18 27 21 20 22 19 0 34 18 43 15 28 23 20
28 22 28 20 30 24 17 17 22 27 13 24 23 38 12 25 27 36 19 29 11 28 24 0 18 50 24 17 32 29
9 23 15 36 17 25 19 15 13 22 15 21 33 38 41 21 25 32 17 9 27 26 7 22 0 31 22 33 28 27
13 11 17 21 9 13 12 23 9 4 19 13 10 7 10 2 2 5 5 13 12 11 13 18 11 0 8 18 1 4
12 19 11 39 13 21 22 18 16 25 18 17 31 41 44 24 23 35 26 5 30 29 10 25 3 34 0 36 31 25
19 33 25 32 24 27 29 25 22 32 25 28 18 48 25 17 39 20 2 19 23 36 17 31 10 41 25 0 16 33
14 31 23 29 25 29 24 24 6 14 20 19 32 43 9 14 36 4 4 36 20 35 33 15 25 36 31 26 0 35
19 27 19 46 11 25 29 25 23 32 25 15 28 48 51 31 35 42 32 19 37 36 17 32 10 41 32 30 38 0
