30
0 7 19 10 13 16 5 8 15 25 17 6 28 19 21 15 13 10 12 26 10 20 13 19 29 17 22 11 19 17 
14 0 20 10 9 17 20 8 27 44 13 16 28 20 19 11 14 10 13 22 20 16 13 19 32 11 20 30 19 17
8 13 0 4 3 11 14 10 24 27 7 8 24 14 16 5 8 6 7 16 12 10 9 15 22 12 17 27 9 7
4 13 9 0 12 5 9 12 18 35 14 6 25 8 10 14 6 7 16 23 10 19 10 16 22 6 11 21 9 7
10 10 11 6 0 8 11 7 21 38 4 9 17 11 13 2 5 9 4 13 13 7 12 18 23 9 14 24 10 8
5 10 18 9 18 0 10 7 13 30 9 11 20 3 5 12 11 2 11 18 15 17 5 11 34 1 6 16 18 16
18 8 19 14 8 16 0 15 10 20 12 1 30 19 10 10 13 12 12 21 5 15 15 21 24 17 11 21 18 16
6 3 11 2 14 8 11 0 21 38 14 8 20 11 13 16 5 2 4 23 12 21 5 11 24 9 14 24 11 9
14 19 27 18 22 9 19 16 0 39 18 15 18 12 14 21 6 11 20 27 19 26 14 20 29 10 15 25 16 14
4 7 5 3 7 8 9 14 10 0 11 10 28 11 13 9 12 10 11 10 4 12 13 19 4 9 14 24 12 10
9 6 12 5 15 9 12 3 22 39 0 10 23 12 14 3 6 5 5 9 14 8 8 14 24 10 15 25 11 9
17 7 18 13 7 15 18 14 17 19 11 0 29 18 9 9 12 11 11 20 4 14 14 20 23 16 10 20 17 15
16 12 20 15 12 11 20 15 16 33 12 14 0 14 8 11 8 10 13 21 9 16 2 19 32 12 9 19 19 17
10 7 15 6 18 12 18 4 10 27 6 12 22 0 2 9 9 4 8 15 16 14 7 13 31 13 3 13 15 13
7 10 16 9 19 13 12 7 8 25 4 13 20 16 0 7 10 2 9 13 17 12 5 11 29 14 1 11 15 13
8 14 9 4 12 6 9 13 19 36 15 7 15 9 11 0 3 8 2 24 11 5 11 17 21 7 12 22 8 6
8 13 21 12 16 3 13 10 16 33 12 9 12 6 8 15 0 5 14 21 13 20 8 14 23 4 9 19 10 8
14 18 12 17 15 9 19 15 22 39 12 20 18 12 14 17 6 0 5 21 24 23 3 9 43 10 15 25 26 24
9 14 7 11 10 4 14 11 17 34 13 15 13 7 9 12 1 6 0 22 19 17 9 15 33 5 10 20 20 18
12 11 22 17 11 19 6 18 16 23 15 4 27 22 18 13 16 9 15 0 8 2 12 18 18 8 14 24 5 3
13 3 14 9 3 11 14 10 24 15 7 5 20 14 16 5 8 12 7 16 0 10 15 21 19 12 17 27 13 11
10 9 20 15 9 17 4 16 14 21 13 2 25 20 16 11 14 7 13 22 6 0 10 16 16 6 12 22 3 1
14 16 22 15 25 9 22 13 14 31 10 20 26 12 6 13 6 8 15 19 24 18 0 17 35 10 7 17 21 19
12 9 15 8 18 12 15 6 25 42 3 13 9 15 17 6 9 8 8 12 17 11 11 0 27 13 18 28 14 12
14 11 17 10 16 14 8 8 18 28 5 9 28 17 19 8 11 10 10 14 13 13 13 19 0 15 20 30 16 14
4 11 13 18 16 10 9 16 23 29 13 10 19 13 15 18 7 1 6 11 14 13 4 10 33 0 16 15 16 14
24 21 29 20 25 26 20 18 24 24 20 18 36 14 16 23 23 18 22 14 22 16 21 27 15 22 0 10 19 17
16 21 19 17 21 11 21 18 24 14 20 17 20 14 16 23 8 13 22 29 18 28 16 22 18 12 17 0 18 16
16 16 17 12 6 14 17 13 21 38 10 15 22 17 13 8 11 4 10 19 19 13 7 13 13 15 14 24 0 14
9 8 19 14 8 16 14 15 23 20 12 1 24 19 15 10 13 6 12 21 5 15 9 15 15 5 16 26 2 0
