30
0 13 23 4 20 16 18 15 17 6 12 16 5 12 26 8 7 17 11 10 14 16 1 18 6 14 18 22 4 19 
8 0 31 12 28 24 26 23 25 14 20 24 13 20 34 16 15 25 19 18 22 24 9 26 14 22 26 30 12 27
19 15 0 2 18 16 27 22 15 11 19 25 12 16 30 28 14 40 13 8 23 7 16 13 4 21 27 26 17 17
17 16 16 0 16 19 25 20 13 9 17 23 10 14 28 26 12 38 19 6 21 10 14 11 2 19 25 24 21 15
1 5 20 5 0 17 16 16 18 7 8 17 6 13 27 9 8 29 3 11 15 17 2 15 7 10 15 23 5 20
20 17 26 18 19 0 9 19 22 10 16 22 9 23 37 13 11 22 15 15 20 27 18 21 18 18 8 33 15 18
11 15 24 12 10 18 0 17 20 8 14 20 7 14 28 4 9 13 13 13 18 18 9 19 14 16 22 24 6 9
16 14 7 9 15 23 5 0 17 7 4 3 6 18 32 9 8 18 12 10 1 14 5 2 6 6 5 28 11 14
9 13 6 8 8 22 21 23 0 5 12 19 13 17 31 17 15 17 11 9 17 13 4 1 5 7 21 27 13 18
25 22 24 8 24 27 29 24 21 0 21 27 14 21 35 11 16 42 20 14 25 18 16 19 10 23 29 31 13 23
17 16 12 14 16 19 8 18 13 9 0 21 8 14 28 12 10 21 14 6 19 10 10 7 2 2 7 24 7 15
13 11 20 14 12 20 2 13 16 4 10 0 3 16 30 6 5 15 9 9 14 20 11 15 12 12 2 26 8 11
16 8 17 9 16 27 15 10 13 1 7 13 0 14 28 19 2 28 6 6 11 18 15 12 9 9 15 24 14 15
11 15 17 8 10 13 22 25 21 16 22 28 15 0 14 12 17 35 13 14 26 4 12 19 10 24 21 10 14 9
13 20 24 17 15 15 20 28 25 19 12 31 18 25 0 24 20 33 18 18 29 21 14 19 14 14 19 35 17 14
19 11 20 8 19 14 18 13 16 4 10 16 3 10 24 0 5 31 9 9 14 14 5 15 10 12 18 20 2 18
14 6 14 16 14 25 13 18 11 7 5 21 8 12 26 17 0 26 4 4 19 16 12 9 7 7 12 22 12 13
12 25 35 16 32 22 32 27 29 18 24 30 17 24 38 20 19 0 23 22 28 13 13 30 18 26 32 34 16 31
10 2 21 14 21 24 30 25 18 14 22 28 15 19 33 18 17 27 0 11 26 15 11 16 7 24 30 29 14 20
11 15 10 12 10 21 19 14 7 3 11 17 4 8 22 20 6 32 13 0 15 12 8 5 9 13 19 18 15 9
15 13 15 17 14 22 4 15 16 6 3 2 5 17 31 8 7 17 11 9 0 13 13 10 5 5 4 27 10 13
12 19 28 16 27 9 18 21 24 12 18 24 11 18 32 22 13 31 17 17 22 0 13 23 18 20 17 28 10 26
20 24 19 3 19 22 28 23 16 12 20 26 13 17 31 29 15 16 22 9 24 13 0 14 5 22 28 27 24 18
19 23 5 7 18 21 15 22 15 11 7 25 12 16 30 19 14 28 21 8 23 12 3 0 4 9 14 26 14 17
15 19 14 16 14 17 23 18 11 7 15 21 8 12 26 24 10 36 17 4 19 8 12 9 0 17 23 22 19 13
22 21 10 12 21 26 13 23 18 14 5 26 13 19 33 17 15 26 19 11 24 17 8 5 7 0 12 29 12 20
12 9 18 10 11 19 1 11 14 2 8 14 1 15 29 5 3 14 7 7 12 19 10 13 10 10 0 25 7 10
7 11 7 9 6 16 20 15 18 6 12 18 5 12 26 2 7 33 9 11 16 16 8 17 11 14 20 0 4 5
17 9 18 10 17 12 16 11 14 2 8 14 1 8 22 20 3 29 7 7 12 12 16 13 10 10 16 18 0 16
2 6 25 6 1 16 22 17 19 8 14 20 7 14 28 10 9 19 4 12 18 7 3 20 8 16 22 24 6 0
