35
0 11 11 8 21 10 19 13 15 13 9 23 24 14 24 5 12 17 17 14 22 17 12 22 16 19 13 1 11 13 11 20 16 11 22 
10 0 14 19 14 13 10 6 12 2 12 16 13 11 21 16 15 12 6 13 19 6 11 11 5 8 2 11 4 12 9 16 13 19 11
7 14 0 14 16 13 24 8 4 16 15 18 22 6 13 11 18 23 20 17 14 10 18 18 19 22 16 8 17 16 5 9 5 28 16
7 17 3 0 19 2 11 11 7 16 1 14 18 6 16 11 4 9 16 6 14 13 4 18 22 13 19 8 3 5 3 12 8 17 16
6 11 8 5 0 7 14 11 12 13 6 2 17 5 21 2 3 8 17 11 13 17 9 17 16 12 13 7 8 10 8 17 13 9 15
6 16 17 14 27 0 17 19 21 18 15 12 20 17 27 11 18 19 22 4 25 22 18 20 21 15 18 7 17 3 6 11 19 17 18
11 19 8 18 24 11 0 16 12 21 17 18 11 10 18 15 8 2 9 11 18 18 9 11 10 6 14 12 21 10 13 16 10 17 9
14 19 16 13 8 15 22 0 11 21 14 10 25 13 20 10 11 16 25 19 21 17 17 25 24 20 21 15 16 18 16 16 12 17 23
3 10 13 10 12 9 20 4 0 12 11 14 18 2 9 7 14 19 16 13 10 6 14 14 15 18 12 4 13 12 7 5 1 24 12
7 23 20 17 12 19 26 4 15 0 18 14 29 17 24 14 15 20 29 23 25 21 21 29 28 24 25 8 20 22 20 20 16 21 27
6 16 2 7 18 1 14 10 6 18 0 20 17 5 15 10 3 8 15 5 13 12 3 17 21 12 18 7 10 4 2 11 7 16 15
12 19 5 19 21 15 12 13 9 21 20 0 15 11 18 16 12 6 13 15 19 15 13 15 21 10 18 13 22 14 10 14 10 21 13
4 8 9 11 16 4 18 8 13 10 7 18 0 3 22 8 10 15 14 8 11 14 10 19 13 16 10 5 14 7 9 18 14 6 19
1 13 11 8 19 7 23 13 15 15 9 21 20 0 11 5 12 17 19 7 8 19 12 24 18 21 15 2 11 6 5 14 16 11 24
10 17 3 13 8 14 11 11 7 19 14 10 9 9 0 10 11 13 7 14 17 13 12 14 6 9 3 11 16 13 8 12 8 15 12
10 20 6 3 22 5 14 14 10 22 4 24 21 9 19 0 7 12 19 9 17 16 7 21 25 16 22 11 6 8 6 15 11 20 19
3 15 13 10 21 9 11 15 17 17 11 23 14 2 13 7 0 5 12 9 10 21 12 14 20 9 17 4 13 8 7 19 13 13 12
9 17 18 16 24 9 6 17 22 19 16 16 9 8 16 13 6 0 7 9 16 23 7 9 15 4 12 10 19 8 13 14 8 15 7
24 34 20 25 27 19 30 28 24 36 18 29 28 23 19 29 21 26 0 23 31 30 7 33 25 28 22 11 28 22 20 29 25 34 31
14 12 24 21 26 12 22 18 28 14 22 20 25 13 24 18 11 16 18 0 21 18 16 13 17 20 14 15 16 11 18 7 24 24 11
11 24 21 18 31 16 13 24 25 26 19 23 16 10 23 15 22 15 23 16 0 30 14 16 22 11 19 12 21 15 15 21 15 22 14
6 16 17 14 9 8 12 1 6 18 15 11 15 5 15 11 12 14 15 8 13 0 11 8 7 10 11 7 17 7 10 11 7 21 6
17 27 13 18 20 12 23 21 17 29 11 22 21 16 12 22 14 19 19 16 24 23 0 26 18 21 15 4 21 15 13 22 18 27 24
12 10 12 19 24 10 11 16 16 12 13 7 14 11 21 16 16 13 7 10 19 16 3 0 6 9 3 7 14 9 15 5 13 20 8
5 16 9 13 23 8 5 16 13 18 7 15 8 8 15 10 10 7 15 8 16 19 6 8 0 3 11 6 16 7 9 13 7 14 6
6 13 10 13 20 5 2 13 14 15 12 12 5 5 12 10 10 4 12 5 13 19 3 5 11 0 8 7 16 4 10 10 4 11 3
8 19 12 16 26 11 8 19 16 21 10 18 11 11 18 13 13 10 4 11 19 22 9 11 3 6 0 9 19 10 12 16 10 17 9
13 23 9 14 25 8 21 17 13 25 7 27 24 12 22 17 10 15 22 12 20 19 10 24 28 19 25 0 17 11 9 18 14 23 22
23 33 19 24 26 18 29 27 23 35 17 28 32 22 18 28 20 25 25 22 30 29 6 32 24 27 21 10 0 21 19 28 24 38 30
3 13 14 11 24 1 14 16 18 15 12 13 17 17 24 8 15 16 19 1 25 19 15 17 18 12 15 4 14 0 7 8 16 14 15
16 26 12 17 25 11 24 17 16 13 10 27 27 15 25 20 13 18 25 15 23 22 13 27 31 22 28 17 20 14 0 21 17 33 25
7 5 17 14 19 5 15 11 21 7 15 21 18 6 17 11 18 10 11 5 14 11 16 18 10 13 7 8 9 4 11 0 17 17 16
2 14 12 9 16 8 19 14 16 16 10 18 22 1 8 6 13 21 15 8 9 20 13 11 14 17 11 3 12 7 6 16 0 12 9
7 2 3 8 10 2 12 2 7 4 1 12 15 6 16 12 4 9 8 6 14 8 4 15 7 10 4 8 6 5 3 12 8 0 13
4 12 15 12 25 2 13 17 19 14 13 9 16 16 23 9 16 8 9 2 24 18 5 2 8 11 5 5 15 1 8 7 15 15 0
