35
0 5 19 14 14 9 7 16 10 14 14 15 27 9 11 17 10 7 9 22 20 8 1 22 7 25 12 16 8 12 13 8 4 16 19 
16 0 21 12 12 11 14 19 11 25 12 15 14 10 19 15 17 22 7 20 9 6 14 20 5 23 10 14 6 12 22 16 11 14 17
16 2 0 14 14 13 8 17 11 15 14 17 16 10 11 17 11 14 9 22 11 8 8 22 8 25 12 16 9 14 20 14 5 17 20
12 5 22 0 13 16 10 14 7 17 7 11 23 6 14 10 13 18 3 19 14 7 10 15 10 18 6 10 2 8 17 11 7 10 13
22 12 18 16 0 15 14 15 15 13 16 8 20 16 17 3 17 17 11 8 13 10 11 8 9 27 14 18 10 5 18 20 11 18 21
13 3 17 12 12 0 5 14 8 12 12 13 25 7 8 15 8 11 5 20 16 6 5 20 5 23 8 12 6 10 17 11 2 14 17
8 7 12 9 9 17 0 9 3 7 9 14 26 2 12 12 3 14 6 17 17 3 9 10 9 20 9 13 5 11 12 15 6 13 9
13 7 19 14 14 24 5 0 8 14 14 22 21 7 12 17 8 19 11 9 22 8 9 15 10 25 14 18 11 19 3 15 6 19 14
14 4 18 13 13 21 6 15 0 13 13 19 14 8 9 16 9 12 8 21 19 7 6 7 6 24 11 15 7 16 18 12 3 15 18
15 7 5 11 11 16 7 2 10 0 11 9 21 9 14 14 10 11 13 17 14 5 11 19 11 22 16 20 12 10 5 17 8 20 16
20 9 11 15 15 19 12 7 15 19 0 11 23 14 7 3 4 20 10 19 17 9 11 8 8 11 9 13 9 8 10 4 8 12 15
10 10 11 16 16 7 12 15 15 13 16 0 12 14 13 19 15 9 11 8 5 10 3 24 9 27 14 18 10 1 18 10 9 18 21
6 9 7 16 16 6 7 16 10 14 16 8 0 9 14 19 10 13 11 16 13 10 7 17 11 27 14 18 12 5 5 17 8 20 16
6 5 19 7 7 15 7 14 1 14 7 15 27 0 10 10 10 13 9 15 20 1 7 8 7 18 12 16 8 12 17 13 4 16 19
18 8 22 9 17 17 10 19 13 17 17 10 22 12 0 20 13 19 12 18 15 11 10 25 10 28 15 19 11 7 8 3 7 11 14
29 18 20 27 27 28 21 16 14 28 9 20 32 23 16 0 13 19 22 28 26 21 20 5 20 20 18 22 21 17 19 13 17 11 14
11 9 7 21 21 24 18 27 21 25 21 17 29 20 22 24 0 14 16 25 22 15 12 29 14 32 19 23 15 18 24 19 15 23 9
13 6 23 14 14 17 11 20 8 18 14 12 24 7 14 17 14 0 4 20 15 8 11 15 11 25 7 11 3 9 23 17 8 11 14
9 2 19 10 10 13 7 16 4 14 10 8 20 3 10 13 10 13 0 16 11 4 7 11 7 21 3 7 8 5 19 13 4 16 19
12 5 10 8 8 16 10 7 7 5 8 11 23 6 15 11 13 18 3 0 14 2 10 16 1 19 6 10 2 8 10 12 7 10 13
15 5 19 14 14 2 7 16 10 14 14 15 27 9 10 17 10 13 7 22 0 8 7 22 7 25 10 14 8 12 19 13 4 16 19
18 11 17 6 6 22 16 13 13 19 6 14 26 12 13 9 10 24 9 14 20 0 16 14 15 17 12 16 8 15 16 10 13 16 19
7 12 18 20 20 21 14 15 14 13 20 14 26 13 10 23 17 6 10 22 21 14 0 21 14 31 13 17 9 11 12 7 11 15 18
17 16 30 18 18 26 18 25 12 25 18 26 38 11 21 21 21 24 20 26 31 12 18 0 18 29 23 27 19 23 28 24 15 27 30
11 4 19 7 7 15 9 14 6 20 7 10 22 5 14 10 12 17 2 15 13 1 9 15 0 18 5 9 1 7 17 11 6 9 12
12 6 16 13 13 23 4 13 7 11 13 18 30 6 11 16 7 18 10 21 21 7 8 14 8 0 13 17 9 19 2 14 5 17 13
12 2 16 11 11 10 4 13 7 11 11 14 26 6 7 14 7 10 6 19 8 5 4 19 4 22 0 4 5 15 16 10 1 13 16
8 9 21 9 9 6 11 16 3 22 9 17 29 2 16 12 14 15 13 17 4 3 9 10 11 20 16 0 12 18 19 13 8 20 23
10 3 20 11 11 14 8 17 5 15 11 9 21 4 11 14 11 16 1 17 12 5 8 12 8 22 4 8 0 6 20 14 5 8 11
13 12 10 19 19 10 15 18 18 16 19 3 15 17 16 22 18 12 14 11 8 13 6 13 12 30 17 21 13 0 21 13 12 21 24
10 4 14 11 11 21 2 11 5 9 11 16 28 4 9 14 5 16 8 19 19 5 6 12 6 22 11 15 7 17 0 12 3 15 11
15 5 19 14 14 14 7 16 10 14 14 7 19 9 3 17 10 16 9 15 12 8 7 22 7 25 12 16 8 4 5 0 4 8 11
11 1 15 10 10 18 3 12 6 10 10 16 15 5 6 13 6 9 5 18 16 4 3 18 3 21 8 12 4 13 15 9 0 12 15
15 7 21 16 16 13 9 18 3 16 16 11 23 9 12 19 12 8 11 19 11 10 9 10 9 27 14 7 10 12 21 15 6 0 3
18 11 19 19 19 15 16 23 13 21 19 8 20 12 21 22 19 5 9 16 13 13 11 20 17 30 12 16 8 9 26 18 13 16 0
