35
0 11 5 11 13 10 5 28 8 8 10 12 13 13 21 8 18 7 12 14 12 5 6 6 16 7 7 8 1 7 3 11 18 15 17 
14 0 7 9 15 1 3 25 10 19 17 10 27 11 18 6 15 9 14 12 1 12 4 17 9 4 9 15 8 18 1 13 16 17 14
16 16 0 16 10 7 7 32 3 12 12 13 29 18 25 5 22 8 16 8 17 7 11 13 13 17 4 10 12 11 9 8 23 12 21
14 14 4 0 8 5 5 30 5 10 10 1 27 8 23 3 20 4 14 3 15 5 9 8 11 1 2 8 4 9 6 6 21 10 19
18 18 16 18 0 9 13 19 9 15 14 5 31 8 22 15 18 8 22 21 16 9 13 26 5 14 6 12 19 17 11 10 25 4 24
15 10 8 10 18 0 4 32 11 20 20 11 28 12 25 7 21 10 15 13 11 15 5 18 8 11 12 18 9 19 2 16 17 20 21
11 12 9 12 19 13 0 34 12 19 14 13 24 14 27 9 24 12 23 15 13 9 7 20 9 13 13 12 5 18 7 17 19 21 23
22 12 10 12 16 13 11 0 13 22 18 9 35 14 27 9 23 12 17 15 13 13 7 20 19 13 10 16 16 21 13 14 19 18 23
13 13 11 13 7 4 4 29 0 9 9 10 26 15 22 10 19 13 13 16 14 4 8 21 10 14 1 7 9 8 6 5 20 9 18
19 23 7 23 17 14 8 20 10 0 19 20 32 17 13 6 10 9 14 14 24 14 18 19 8 24 11 17 13 18 15 15 12 19 9
4 10 9 5 13 11 9 23 10 12 0 6 17 20 16 8 13 9 7 8 11 10 10 13 16 6 7 13 5 11 7 11 22 15 21
13 13 11 13 7 4 8 35 4 13 9 0 26 15 28 10 23 3 17 16 14 4 8 21 10 14 1 7 14 12 6 5 20 9 24
23 23 13 9 17 14 14 21 14 19 19 10 0 18 14 12 11 13 5 12 24 14 18 17 20 10 11 17 13 18 15 15 30 19 28
17 12 10 12 11 8 11 34 8 17 13 4 30 0 27 9 10 7 21 15 13 8 7 20 14 13 5 11 16 16 10 9 19 13 23
22 16 8 8 16 13 13 7 11 18 18 9 35 4 0 11 14 12 22 11 17 13 11 16 19 9 10 16 12 17 14 14 23 18 27
13 17 1 17 11 8 2 24 4 13 13 14 26 21 17 0 14 3 8 9 18 8 12 14 14 18 5 11 7 12 9 9 24 13 22
19 19 14 10 13 10 10 31 6 11 15 11 32 21 24 13 0 10 15 4 18 10 14 9 16 11 7 13 14 10 12 11 23 15 20
23 14 10 14 7 15 13 21 13 22 19 10 36 18 14 11 26 0 26 17 15 14 9 22 10 12 11 8 18 21 15 5 21 9 25
19 16 10 16 9 17 10 16 12 17 15 14 32 13 9 13 6 16 0 10 12 10 11 15 14 15 13 13 6 16 8 17 23 13 27
15 15 13 15 9 6 6 27 2 7 11 12 28 17 20 12 17 6 11 0 14 6 10 5 12 9 3 9 11 6 8 7 19 11 16
14 15 12 15 14 11 3 24 13 18 16 16 27 17 17 12 14 15 22 11 0 11 10 16 17 3 8 14 8 17 10 12 22 16 13
9 9 7 9 17 6 8 31 10 19 5 10 22 11 24 6 18 9 12 12 10 0 4 17 14 10 11 3 10 18 8 15 16 19 20
19 5 3 5 13 6 4 27 6 15 15 6 32 7 20 2 16 5 10 8 6 10 0 13 16 6 7 13 9 14 6 11 12 15 16
13 13 9 13 7 4 8 22 12 2 9 10 26 15 15 8 12 1 6 16 14 4 8 0 10 14 1 7 14 1 6 5 14 9 11
29 15 13 15 23 16 14 14 16 10 25 16 42 17 23 12 20 15 20 18 16 20 10 23 0 16 17 23 19 24 16 21 22 25 19
17 17 15 17 11 8 12 35 10 15 13 14 30 19 28 14 25 14 19 8 18 8 12 13 14 0 5 11 18 14 10 9 24 13 28
12 12 10 12 6 3 7 34 13 22 8 9 25 14 27 9 21 12 15 15 13 3 7 20 9 13 0 6 13 21 5 4 19 8 23
20 6 4 6 14 7 5 28 7 16 16 7 33 8 21 3 17 6 11 9 7 11 1 14 17 7 8 0 10 15 7 12 13 16 17
13 10 4 10 14 11 4 32 7 20 9 11 26 12 25 7 22 10 16 13 11 4 5 18 17 11 8 7 0 19 2 12 17 16 21
24 24 8 24 18 15 9 21 11 1 20 21 37 18 14 7 11 10 5 15 25 15 19 20 9 25 12 18 14 0 16 16 13 20 10
13 8 6 8 16 9 2 30 9 18 18 9 26 10 23 5 19 8 13 11 9 13 3 16 19 9 10 16 7 17 0 14 15 18 19
18 9 7 9 2 10 8 31 10 19 14 5 31 11 24 6 21 8 23 12 10 9 4 17 5 10 6 3 13 18 10 0 16 4 20
24 12 10 12 18 13 11 15 11 16 20 13 37 12 8 9 5 12 20 9 13 15 7 14 21 13 12 6 16 15 13 16 0 20 4
14 14 12 14 8 5 9 15 5 14 10 1 27 16 29 11 26 4 18 17 15 5 9 22 1 15 2 8 15 13 7 6 21 0 25
20 20 16 12 14 11 11 11 7 12 16 13 33 8 4 15 1 11 16 5 21 11 15 10 17 13 8 14 16 11 13 12 24 16 0
