35
0 10 18 13 10 22 6 18 11 27 6 7 3 17 10 2 18 13 23 1 11 6 16 9 7 10 12 5 8 11 16 13 11 2 6 
13 0 18 13 10 35 14 10 24 17 10 20 11 19 23 2 22 13 23 14 1 19 12 22 11 14 16 18 21 21 8 15 19 15 19
19 15 0 8 13 17 11 16 6 22 9 22 1 20 5 6 21 11 21 16 13 1 14 7 10 8 15 11 3 6 14 13 16 13 6
28 16 20 0 23 32 19 20 21 27 19 32 15 18 20 18 31 15 25 26 17 16 18 22 20 16 25 23 18 14 24 14 12 7 13
23 12 20 15 0 24 8 20 13 29 8 9 9 19 12 14 20 15 25 3 13 8 18 11 9 12 14 7 10 13 18 15 13 12 8
6 16 10 14 10 0 12 14 16 5 6 13 7 3 15 8 18 10 20 7 15 11 13 15 7 10 12 11 13 10 12 10 8 8 12
17 4 24 16 14 25 0 14 14 21 17 24 8 11 13 6 29 19 15 18 5 9 22 15 18 9 23 22 11 7 12 7 5 19 14
8 18 7 14 12 24 14 0 13 7 8 15 8 18 12 10 11 12 22 9 17 8 13 14 9 12 14 13 10 13 21 14 15 10 13
13 12 10 9 16 11 8 10 0 16 12 20 8 14 15 14 24 5 15 14 10 11 8 1 13 5 18 18 13 3 8 7 13 5 6
1 11 5 9 5 22 7 10 11 0 1 8 2 11 10 3 13 5 15 2 10 6 8 10 2 5 7 6 8 12 17 7 12 3 7
21 11 17 15 4 25 7 18 14 30 0 13 1 18 13 13 12 12 22 7 9 9 14 15 1 4 6 11 11 14 16 14 16 4 12
19 24 23 29 14 38 20 16 27 23 22 0 23 31 26 21 27 29 39 17 19 22 29 25 23 26 28 21 24 27 14 27 25 21 22
23 21 24 23 9 17 17 14 22 22 17 18 0 20 21 23 29 19 29 12 20 17 22 20 18 15 23 16 19 13 27 21 22 11 8
14 19 18 22 19 31 15 11 20 18 15 16 16 0 19 16 27 22 32 10 14 15 25 18 16 19 21 14 17 20 9 22 20 16 15
26 18 23 15 11 24 14 23 13 29 7 20 8 27 0 20 19 18 28 14 16 8 21 14 8 11 13 18 10 13 21 20 23 11 1
9 19 27 14 8 31 15 26 20 36 8 16 9 28 19 0 20 22 32 10 17 15 13 18 9 12 14 14 17 20 24 24 24 11 15
13 15 17 3 12 24 11 10 13 17 8 20 7 10 12 15 0 18 28 14 13 8 2 14 9 8 14 18 10 6 8 6 4 12 13
13 18 5 4 13 22 14 5 11 12 9 20 3 6 10 11 19 0 10 14 16 6 3 12 8 11 13 18 8 11 19 2 23 11 11
20 8 17 9 8 18 4 17 7 23 10 17 11 4 6 10 22 12 0 11 9 2 15 8 11 9 16 15 4 7 15 11 9 14 7
20 9 17 12 9 21 5 17 10 26 5 6 6 16 9 11 17 12 22 0 10 5 15 8 6 9 11 4 7 10 15 12 10 9 5
12 17 17 16 21 34 13 9 23 16 17 19 15 18 22 14 18 12 22 13 0 18 15 21 18 21 12 17 20 23 7 14 22 14 18
18 14 15 7 12 16 10 15 5 21 8 21 9 19 4 16 20 10 20 15 12 0 13 6 9 7 14 10 2 5 13 12 15 12 5
24 17 21 1 10 22 13 21 11 27 6 19 7 25 10 19 18 16 26 13 15 6 0 12 7 10 12 17 8 11 19 18 22 10 11
12 11 9 8 15 26 7 9 15 16 11 19 7 10 14 13 23 4 14 13 9 10 7 0 12 4 17 17 12 2 7 6 12 4 5
20 10 16 14 10 24 6 17 13 29 18 19 1 17 12 12 11 11 21 13 8 8 13 14 0 3 5 17 10 13 15 13 15 3 13
17 7 20 12 19 21 3 14 10 26 15 16 11 14 9 9 12 15 25 10 5 5 14 11 16 0 21 14 7 10 12 10 8 15 10
19 14 17 9 14 26 10 16 15 23 10 11 11 16 8 16 6 12 22 5 7 10 8 8 11 12 0 9 12 10 14 12 10 14 9
16 5 13 8 13 17 1 13 6 22 9 10 3 12 5 7 13 8 18 4 6 1 11 4 2 5 7 0 3 6 11 8 6 5 6
14 12 18 17 10 26 8 19 15 13 6 21 7 19 2 14 18 20 30 15 10 10 20 16 7 5 12 19 0 3 17 15 13 10 3
11 9 15 14 15 23 5 16 12 10 11 18 6 16 11 11 23 17 27 12 7 7 20 13 12 2 17 16 9 0 14 12 10 13 12
5 10 9 16 14 26 6 2 15 9 10 12 8 17 14 7 13 14 24 6 5 10 15 14 11 15 16 10 12 13 0 13 11 7 11
18 22 25 24 10 18 18 15 23 23 18 19 1 4 22 20 30 20 30 13 18 18 23 21 19 22 24 17 20 23 13 0 23 12 9
13 11 17 11 12 20 7 18 9 12 13 20 3 6 8 13 25 14 24 14 9 4 17 10 14 4 19 18 6 2 16 2 0 15 9
21 9 13 12 16 30 19 13 19 20 12 25 11 14 18 11 24 8 18 19 10 14 11 20 13 16 18 23 16 19 17 10 28 0 6
25 17 22 14 10 23 13 22 12 28 6 19 7 26 11 19 18 17 27 13 15 7 20 13 7 10 12 17 9 12 20 19 22 10 0
