35
0 23 3 16 11 11 17 10 7 15 5 15 18 21 6 24 17 14 26 4 22 16 17 15 22 9 16 15 6 12 19 14 7 6 15 
18 0 21 22 17 17 23 20 13 21 23 21 24 27 24 30 23 20 32 10 28 22 23 21 28 15 22 21 12 18 25 20 25 12 21
9 20 0 13 8 8 14 11 4 12 14 12 15 18 15 21 14 11 23 1 19 13 14 12 19 6 13 12 3 9 16 11 16 3 12
16 10 15 0 23 13 3 16 19 27 11 27 20 33 12 36 29 26 30 16 26 28 17 27 35 21 28 27 18 24 14 26 13 18 27
10 19 6 8 0 14 11 3 10 8 15 11 7 16 14 13 6 17 15 7 11 5 13 4 20 12 19 11 9 8 8 10 15 9 11
19 10 12 21 20 0 24 10 16 24 24 18 7 23 25 26 19 23 17 13 13 18 4 17 22 18 25 24 15 21 17 23 26 15 24
22 20 15 22 23 10 0 13 19 27 8 21 17 26 9 29 22 26 31 16 27 21 14 20 28 21 28 21 18 18 20 20 10 18 21
9 14 8 11 16 16 14 0 12 16 14 14 10 13 15 16 9 19 18 9 14 8 16 7 23 14 22 14 11 11 7 13 16 11 14
19 22 15 16 18 18 19 17 0 8 24 20 14 33 23 22 14 26 24 16 20 14 16 13 15 21 28 20 18 17 17 19 24 13 20
11 14 7 9 10 10 12 11 6 0 16 12 8 25 15 14 7 18 16 8 12 6 8 5 21 13 20 12 10 9 9 11 16 5 12
14 21 7 14 15 15 17 5 11 19 0 13 15 18 1 21 14 18 23 8 19 13 15 12 20 13 20 13 10 10 12 12 2 10 13
8 8 4 6 12 7 9 8 8 11 13 0 5 22 14 22 4 15 13 5 9 3 2 13 18 10 17 16 7 13 6 15 15 7 16
12 17 11 14 19 19 17 3 15 19 17 17 0 16 18 19 12 22 21 12 17 11 19 10 26 17 25 17 14 14 10 16 19 14 17
14 25 5 16 13 13 19 16 9 17 19 17 15 0 20 21 14 16 23 6 19 13 19 12 28 11 18 17 8 14 16 16 21 8 17
13 20 6 13 14 14 16 4 10 18 18 12 14 17 0 20 13 17 22 7 18 12 14 11 19 12 19 12 9 9 11 11 1 9 12
17 8 9 10 17 16 2 17 13 20 10 9 14 11 11 0 13 20 22 10 18 12 11 21 12 15 6 9 12 6 15 8 12 12 9
10 12 13 2 21 20 5 21 17 24 15 13 18 19 16 34 0 24 26 14 22 16 15 25 20 7 14 13 16 10 19 12 17 16 13
13 16 16 5 19 6 3 16 15 9 11 16 13 22 12 23 3 0 25 17 21 15 10 14 23 10 17 16 19 13 18 15 13 14 16
9 9 5 7 13 8 10 9 9 12 14 1 6 23 15 23 5 16 0 6 10 4 3 14 5 11 18 17 8 14 7 16 16 8 17
8 19 11 12 7 7 13 10 3 11 13 11 14 17 14 20 13 10 22 0 18 12 13 11 18 5 12 11 2 8 15 10 15 2 11
10 13 6 8 14 12 11 10 10 13 15 5 7 14 14 13 6 17 4 7 0 5 7 4 9 12 9 11 9 8 8 10 15 9 11
5 10 1 3 9 9 6 5 5 8 10 11 2 19 11 19 1 12 10 2 6 0 13 10 15 7 14 13 4 10 3 12 12 4 13
23 6 19 21 27 5 24 15 23 26 28 15 12 28 29 31 19 30 14 20 24 18 0 22 19 25 37 31 22 28 21 30 30 22 31
6 15 2 4 10 10 7 6 6 9 11 7 3 20 10 9 2 13 11 3 7 1 9 0 16 8 15 7 5 4 4 6 11 5 7
24 24 20 7 28 23 10 24 24 27 18 16 21 15 19 38 20 31 15 21 25 19 18 29 0 26 33 32 23 29 22 31 20 23 32
3 14 6 7 14 13 10 14 10 17 8 6 11 12 9 27 10 17 19 7 15 9 8 18 13 0 7 6 9 3 12 5 10 9 6
19 30 10 13 18 18 16 21 5 13 24 22 25 5 25 31 24 21 21 11 29 23 24 22 6 16 0 22 13 19 26 21 26 13 22
10 15 11 1 9 9 4 12 5 13 15 7 12 19 16 22 11 12 20 2 16 10 9 13 25 7 14 0 4 10 13 12 17 4 13
6 17 9 10 5 16 13 8 13 13 11 9 12 15 12 18 11 20 20 10 16 10 11 9 16 3 10 9 0 6 13 8 13 12 9
11 11 3 4 11 10 7 11 7 14 10 3 8 21 6 24 7 14 16 4 12 6 5 15 10 9 16 3 6 0 9 2 7 6 3
2 7 1 14 9 9 15 12 5 13 7 13 16 19 8 22 15 12 24 2 20 14 15 13 20 7 14 13 4 10 0 12 9 4 13
9 9 5 2 10 8 5 9 6 12 14 1 6 20 15 23 5 13 14 3 10 4 3 14 19 8 15 1 5 11 7 0 16 5 14
14 25 5 18 13 13 19 16 9 17 19 17 20 23 20 26 19 16 28 6 24 18 19 17 13 11 18 17 8 14 21 16 0 8 17
15 15 11 13 5 5 16 8 1 9 20 16 12 29 19 18 11 22 20 12 16 10 9 9 25 17 24 16 14 13 13 15 20 0 16
12 21 8 7 16 16 10 12 12 15 17 13 9 26 18 26 8 19 17 9 13 7 15 17 22 14 21 6 11 17 10 19 19 11 0
