35
0 6 2 10 6 9 4 8 24 22 5 10 17 10 15 4 8 6 3 17 18 11 10 8 9 12 20 11 8 6 12 13 2 20 7 
17 0 8 11 14 10 10 13 18 28 15 4 11 17 8 12 12 13 11 21 12 12 11 2 9 6 14 9 9 10 5 13 13 20 17
21 4 0 10 18 9 2 5 22 20 14 8 15 16 12 16 18 12 15 16 16 11 10 6 9 10 18 13 8 6 12 13 19 20 11
30 13 18 0 13 16 11 15 17 29 15 17 24 6 11 11 8 2 10 17 25 14 17 15 16 19 20 18 15 13 19 20 9 27 14
24 7 6 8 0 7 5 3 25 23 12 11 18 11 16 5 9 7 4 18 19 9 8 9 7 13 17 12 6 4 10 11 3 18 8
21 9 13 1 9 0 7 12 16 25 26 13 9 7 12 7 9 3 6 18 21 2 1 11 16 15 12 18 15 13 10 20 10 27 12
19 2 10 12 16 12 0 10 20 18 17 6 13 18 10 14 20 14 13 29 14 14 13 4 11 8 16 11 11 11 7 15 15 22 9
18 7 3 5 13 4 5 0 25 23 9 11 18 11 16 11 13 7 10 11 19 6 5 9 4 13 14 16 3 1 7 8 14 15 16
13 11 15 8 7 7 12 10 0 30 12 15 22 11 16 5 13 7 11 22 8 9 8 13 7 17 12 20 6 11 10 11 10 18 10
28 11 10 12 4 11 9 7 29 0 16 15 22 15 20 9 13 11 8 22 23 13 12 13 11 17 21 16 10 8 14 15 7 22 12
22 15 13 23 17 23 13 20 23 31 0 9 16 21 11 15 10 17 21 19 17 18 21 5 23 21 19 24 22 20 17 27 20 34 20
13 13 11 14 13 14 11 15 14 29 18 0 7 17 12 11 15 13 10 24 8 9 12 15 14 19 10 17 13 11 8 18 9 25 14
12 8 4 7 9 7 6 12 7 24 17 12 0 9 5 7 15 9 6 24 15 2 5 10 7 14 3 10 6 4 1 11 14 18 12
24 7 12 8 7 10 5 9 25 23 9 11 18 0 5 5 9 7 4 18 19 8 11 9 10 13 21 12 9 7 13 14 3 21 8
21 4 12 12 6 13 2 9 22 20 18 8 15 10 0 4 12 6 10 21 16 15 14 6 13 10 18 13 12 10 9 17 9 24 9
23 6 8 8 2 9 7 5 24 25 14 10 17 6 11 0 8 2 6 17 18 11 10 8 9 12 20 8 8 6 12 13 5 20 5
29 12 18 17 12 16 10 15 30 28 9 16 23 16 21 10 0 12 9 9 24 18 17 14 16 18 12 21 15 13 19 20 15 27 15
28 11 16 12 11 14 9 13 15 27 13 15 22 4 9 9 6 0 8 15 23 12 15 13 14 17 18 16 13 11 17 18 7 25 12
20 3 9 9 3 10 1 6 21 19 15 7 14 7 12 1 9 3 0 18 15 12 11 5 10 9 17 8 9 7 8 14 6 21 6
21 16 13 7 16 7 14 18 23 32 12 20 16 9 14 14 15 9 13 0 28 9 8 18 7 22 3 10 6 4 10 11 12 18 17
5 11 7 8 11 8 9 13 29 27 10 15 22 10 15 9 13 10 8 22 0 10 9 13 8 17 4 11 7 5 11 12 7 19 12
24 7 13 8 7 14 5 10 25 23 19 11 18 11 16 5 13 7 4 22 19 0 3 9 14 13 21 12 13 11 12 18 10 25 10
20 8 12 5 8 15 6 11 15 24 25 12 8 11 13 6 13 7 5 22 20 1 0 10 15 14 11 17 14 12 9 19 11 26 11
17 10 8 18 12 18 8 15 18 26 22 4 11 16 6 10 18 12 16 27 12 13 16 0 18 16 14 19 17 15 12 22 15 29 15
27 10 11 15 23 14 13 16 28 31 19 14 21 21 18 21 23 17 20 32 22 16 15 12 0 16 24 19 13 17 17 4 24 11 26
18 11 7 5 13 4 9 12 20 27 9 15 13 11 8 11 13 7 10 22 23 6 5 13 3 0 16 3 3 13 7 7 14 14 16
18 13 10 4 13 4 11 15 20 29 9 17 13 6 11 11 12 6 10 21 25 6 5 15 4 19 0 7 3 1 7 8 9 15 14
25 8 4 14 22 13 6 9 26 24 18 12 19 20 16 20 22 16 19 20 20 15 14 10 13 14 22 0 12 10 16 17 23 24 15
15 10 7 2 10 1 8 13 17 26 6 14 10 8 13 8 10 4 7 19 22 3 2 12 1 16 13 19 0 9 4 5 11 12 13
17 12 9 4 12 3 10 15 19 28 8 16 12 10 15 10 12 6 9 21 24 5 4 14 3 18 15 21 2 0 6 7 13 14 15
11 7 3 9 9 8 5 8 25 23 16 11 18 13 18 7 15 9 6 24 19 10 9 9 8 13 7 16 7 5 0 12 13 19 12
18 11 7 17 16 16 9 12 29 27 23 15 22 20 19 14 22 16 13 31 23 18 17 13 16 17 14 20 15 13 7 0 20 27 19
21 4 9 8 4 7 2 6 22 20 12 8 15 8 13 2 6 4 1 15 16 9 8 6 7 10 18 9 6 4 10 11 0 18 5
17 12 9 4 12 3 10 15 19 28 8 16 12 10 15 10 12 6 9 21 24 5 4 14 3 18 15 21 2 11 6 7 13 0 15
18 1 4 3 14 5 6 1 19 24 10 5 12 9 14 12 11 5 11 20 13 7 6 3 5 7 15 10 4 2 8 9 12 16 0
