35
0 10 13 15 8 11 7 2 11 22 8 16 7 10 9 6 12 6 4 15 10 1 7 8 6 14 5 10 10 13 8 11 19 14 9 
21 0 26 22 21 19 10 17 19 25 11 19 10 13 13 14 15 9 12 23 13 19 25 16 14 13 13 13 13 21 11 14 22 17 12
12 14 0 9 2 5 8 8 5 18 9 22 13 11 10 7 13 7 5 9 10 13 1 9 7 15 6 12 11 14 14 9 20 6 10
21 19 22 0 24 22 16 17 27 9 17 17 16 11 13 13 15 15 15 14 13 22 23 19 15 12 16 17 19 12 9 14 22 23 12
16 12 5 14 0 10 6 12 10 26 7 20 11 9 8 5 11 5 3 7 8 15 6 7 5 13 4 12 9 12 12 9 18 13 8
18 9 7 16 2 0 8 14 12 24 9 18 13 11 10 7 13 7 5 9 10 17 8 9 7 15 6 14 11 14 10 11 20 15 10
11 11 16 25 11 9 0 7 9 16 6 20 11 14 7 4 10 4 2 13 8 12 17 6 4 12 3 7 8 11 12 4 17 12 7
4 8 17 19 12 16 7 0 15 20 11 14 5 8 10 11 12 11 9 20 10 5 11 13 11 23 10 8 15 18 6 11 19 19 9
7 11 13 9 8 18 14 3 0 23 15 17 8 11 13 13 15 13 11 15 13 8 14 15 13 26 12 11 17 20 9 14 22 21 12
18 13 13 22 15 13 7 14 18 0 8 18 13 12 10 4 12 6 6 13 10 19 14 10 8 3 7 14 10 11 10 11 19 14 9
10 9 23 14 18 16 13 12 21 23 0 26 19 20 16 17 18 12 15 26 16 11 17 19 17 26 16 17 16 24 18 14 12 11 15
24 19 20 29 15 13 13 20 19 6 14 0 19 18 16 10 18 12 12 19 16 25 21 16 14 9 13 20 16 17 16 17 25 20 15
13 3 24 12 19 17 8 9 17 15 9 9 0 3 5 9 7 7 10 18 5 14 20 14 7 18 8 3 11 16 1 6 14 15 4
10 8 21 9 16 14 5 6 14 20 6 14 5 0 2 6 4 4 7 15 2 11 17 11 4 12 5 6 8 13 6 3 11 12 1
20 15 27 22 22 20 14 16 13 14 15 21 12 15 0 15 19 13 13 24 17 21 28 17 2 10 14 15 17 22 13 18 26 21 16
18 9 9 18 11 14 13 14 14 28 14 22 13 11 8 0 15 12 15 9 10 19 10 19 6 14 5 14 16 7 14 11 22 15 12
12 17 11 20 13 16 11 8 16 28 12 22 15 13 10 2 0 10 13 11 12 13 12 17 2 10 1 16 14 9 14 13 24 9 14
12 7 17 26 12 10 1 8 10 22 2 16 7 10 4 5 6 0 3 14 4 13 18 7 5 13 4 8 4 12 8 5 13 8 3
14 9 14 23 9 7 3 10 7 24 4 18 9 12 6 2 8 2 0 11 6 15 15 4 2 10 1 10 6 9 10 7 15 10 5
9 7 14 11 9 7 4 5 13 19 5 13 4 2 4 8 6 3 6 0 1 10 15 10 6 14 7 5 7 15 5 2 13 11 3
8 6 19 15 14 12 3 4 12 18 4 12 3 6 6 7 8 2 5 16 0 9 15 9 7 15 6 4 6 14 4 1 15 10 5
17 12 12 14 7 10 6 13 10 27 7 21 12 15 9 5 11 5 3 14 9 0 6 7 5 13 4 13 9 12 13 10 18 13 8
11 13 6 8 1 4 7 7 4 17 8 21 12 10 10 6 12 6 4 8 9 12 0 8 6 14 5 13 10 13 13 10 19 5 9
21 17 10 19 5 3 11 17 15 31 12 25 16 14 14 10 16 10 8 12 13 22 11 0 10 18 9 17 14 17 17 14 23 18 13
23 13 25 22 20 18 12 19 18 25 13 19 10 13 15 13 17 11 11 22 15 24 26 15 0 8 12 13 15 20 11 16 24 19 14
15 10 17 26 12 10 4 11 10 25 5 19 10 13 7 5 9 3 3 14 7 16 18 7 5 0 4 11 7 12 11 8 16 11 6
19 16 10 19 12 15 10 15 15 29 11 23 14 12 9 1 16 9 12 10 11 20 11 16 1 9 0 15 13 8 15 12 23 8 13
14 12 25 21 20 18 9 10 18 9 10 18 9 12 12 13 14 8 11 22 6 15 21 15 13 12 12 0 12 20 10 7 21 16 11
14 3 18 20 13 15 6 10 16 19 7 21 12 15 9 10 11 5 8 19 9 6 12 12 10 18 9 10 0 17 13 7 18 4 8
11 9 16 13 11 9 6 7 15 21 7 15 6 4 6 5 8 5 8 2 3 12 17 12 5 13 4 7 9 0 7 4 15 13 5
12 10 23 11 18 16 7 8 16 14 8 8 7 2 4 8 6 6 9 17 4 13 19 13 6 17 7 8 10 15 0 5 13 14 3
7 8 18 22 13 11 2 3 11 12 3 17 8 11 5 6 7 1 4 15 5 8 14 8 6 15 5 3 5 13 9 0 14 9 4
17 14 11 20 6 4 8 13 16 27 9 21 12 7 9 12 11 7 10 13 9 18 12 14 11 19 11 13 11 19 13 10 0 6 8
10 8 18 25 13 11 2 6 11 15 3 17 8 11 5 6 7 1 4 15 5 11 17 8 6 14 5 6 5 13 9 3 14 0 4
9 7 20 16 15 13 4 5 13 19 5 13 4 7 1 5 3 3 6 14 1 10 16 10 3 11 4 5 7 12 5 2 10 11 0
