35
0 15 14 17 20 15 7 21 13 9 38 27 13 14 21 21 14 10 7 15 22 15 16 16 16 16 16 18 20 22 24 2 10 17 17 
13 0 7 12 16 19 20 15 9 13 23 21 11 23 23 22 9 8 10 25 21 14 17 14 9 29 9 3 17 15 9 15 11 15 10
6 8 0 9 13 12 13 8 6 6 24 14 9 18 21 20 6 4 3 23 21 10 15 12 2 22 2 4 17 8 10 8 4 11 3
20 7 12 0 12 11 27 15 5 5 23 21 11 17 25 24 18 6 9 27 20 11 19 4 14 36 9 10 16 7 9 15 18 13 2
22 9 14 2 0 13 29 17 7 7 25 23 13 17 25 24 20 8 11 27 15 13 19 6 16 38 11 12 18 9 11 17 20 15 4
15 17 9 15 20 0 22 16 15 7 24 7 8 11 19 18 13 8 12 21 9 12 13 11 9 31 11 5 5 8 10 11 13 15 12
5 17 13 10 14 21 0 14 15 15 33 20 18 18 14 15 7 16 12 8 16 19 10 14 15 9 15 20 26 17 19 7 3 23 12
5 17 11 10 14 23 12 0 15 17 24 6 12 24 26 23 7 10 14 20 22 16 18 15 8 21 13 15 18 17 10 7 3 17 12
15 2 9 9 7 21 22 17 0 15 25 23 9 23 21 20 15 13 12 23 21 19 15 12 11 31 11 5 19 17 11 17 13 20 12
13 16 14 9 21 6 20 22 14 0 32 13 13 17 25 24 19 1 7 27 15 6 19 16 15 29 16 11 11 16 18 10 18 8 11
15 3 10 2 8 14 22 10 1 8 0 16 10 15 23 22 16 9 13 25 13 14 17 6 12 31 4 6 9 10 12 17 13 16 5
15 15 7 9 13 20 22 10 13 14 18 0 6 18 18 17 6 4 10 20 16 10 12 9 2 31 9 11 12 15 4 4 13 11 10
7 9 1 10 14 13 14 9 7 7 25 15 0 14 12 11 7 5 4 14 12 11 6 3 3 23 3 5 9 9 11 9 5 12 4
8 9 9 4 14 15 15 11 7 9 25 8 8 0 8 7 14 10 2 10 8 1 2 11 10 24 5 12 20 9 11 10 14 17 4
14 28 20 22 26 33 21 21 26 27 31 13 19 28 0 30 19 17 23 15 29 23 25 22 15 30 22 24 25 28 17 16 24 24 23
14 12 12 7 17 18 21 9 10 12 28 15 11 3 11 0 16 13 5 3 1 4 5 14 14 30 8 15 23 12 14 16 12 20 7
23 10 15 3 7 14 30 18 8 8 26 24 14 20 28 27 0 9 12 30 23 14 22 7 17 39 12 13 19 10 12 18 21 16 5
13 16 14 9 21 20 20 22 14 14 32 14 13 27 25 24 20 0 7 27 25 6 19 16 16 29 16 10 25 16 18 9 18 7 11
13 15 7 16 20 19 20 15 13 13 31 21 6 20 18 17 13 11 0 20 18 21 12 9 9 29 9 11 15 15 17 15 11 18 10
11 23 19 16 20 27 18 6 21 21 30 12 18 30 32 29 13 16 22 0 28 22 24 21 14 27 21 26 24 23 16 13 9 23 18
10 11 11 6 16 17 17 13 9 11 27 10 10 2 10 9 16 12 4 12 0 3 4 13 12 26 7 14 22 11 13 12 16 19 6
7 10 8 3 15 14 14 16 8 8 26 8 7 21 19 18 14 9 1 21 19 0 13 10 10 23 10 13 19 10 12 9 12 16 5
14 7 12 12 12 13 21 9 5 7 23 15 11 8 6 5 16 8 10 8 6 9 0 14 14 30 3 10 18 7 9 16 12 15 2
18 20 12 21 25 24 25 20 18 18 36 26 11 25 23 22 18 16 5 25 23 26 17 0 14 34 14 16 20 20 22 20 16 23 15
15 14 16 7 11 18 22 22 12 12 30 16 15 17 25 14 4 2 9 17 15 8 19 11 0 31 18 17 23 14 16 11 20 9 9
10 8 4 9 13 16 17 12 6 10 24 18 12 9 5 6 6 8 7 9 7 10 1 15 6 0 6 11 21 8 10 12 8 15 3
11 6 11 13 11 10 18 6 4 4 22 12 10 16 24 23 13 5 11 26 19 10 18 13 13 27 0 9 15 6 8 13 9 12 1
10 12 4 12 10 16 17 12 10 10 20 18 8 20 10 19 10 8 7 22 18 14 14 11 6 26 6 0 14 12 6 12 8 15 7
10 15 15 10 19 8 17 17 13 2 31 15 14 6 14 13 12 3 8 16 4 7 8 17 17 26 11 13 0 15 17 12 8 10 10
13 13 5 7 18 18 20 8 11 12 16 14 4 10 18 17 11 9 8 20 14 11 12 7 7 29 7 9 10 0 2 15 11 16 8
11 11 3 5 16 16 18 6 9 10 14 12 2 14 14 13 9 7 6 16 12 15 8 5 5 27 5 7 8 11 0 13 9 14 6
18 13 12 20 18 24 25 20 11 18 36 26 11 25 23 22 18 16 5 25 23 26 17 14 14 34 14 16 20 20 22 0 16 23 15
2 14 8 7 11 20 9 16 12 14 30 22 18 27 23 24 4 12 11 17 25 18 19 11 10 18 10 12 25 14 16 4 0 19 9
11 15 12 7 20 19 18 15 13 13 31 12 11 25 12 22 18 14 5 25 23 4 17 14 14 16 9 18 24 15 17 2 18 0 10
18 5 10 12 10 23 25 13 3 17 21 19 9 15 23 22 16 14 13 25 19 16 17 12 12 34 12 8 15 5 7 20 16 21 0
