35
0 13 8 12 11 6 11 8 16 15 10 9 9 10 13 12 15 9 15 11 15 9 5 22 17 6 15 12 12 20 13 11 18 4 12 
10 0 3 8 6 16 7 9 14 11 5 11 13 14 11 15 2 1 12 15 10 5 8 9 4 7 5 4 7 7 8 5 5 11 7
18 16 0 8 3 24 15 10 11 11 2 8 21 15 8 23 10 9 8 18 7 5 16 17 12 15 13 10 4 12 5 9 13 9 4
26 16 13 0 16 21 23 5 19 3 11 17 12 13 16 14 18 17 17 14 20 14 7 25 20 23 13 10 13 13 14 21 21 18 5
15 13 16 13 0 21 20 14 19 16 18 24 18 19 16 20 7 14 17 20 23 10 13 14 9 12 10 18 20 12 13 10 10 16 11
17 7 10 6 13 0 14 9 10 9 12 3 3 4 7 22 9 8 19 5 17 3 15 16 11 7 12 9 14 14 8 12 12 11 11
22 12 12 14 15 28 0 14 17 17 8 8 17 11 14 19 14 10 4 19 19 11 12 21 16 12 9 13 10 19 11 17 17 5 10
26 16 14 9 17 32 23 0 25 12 16 22 21 22 22 23 18 12 22 23 21 6 16 25 20 23 18 15 18 23 19 21 21 23 14
11 9 12 9 15 17 16 10 0 12 14 20 14 15 12 16 3 10 13 16 19 6 9 10 5 8 6 14 16 8 9 6 6 12 7
23 13 10 18 13 18 20 20 17 0 12 21 21 22 14 20 15 14 18 23 17 15 13 22 17 20 10 7 14 10 11 18 18 14 2
20 14 9 6 12 19 13 12 9 9 0 6 22 13 6 21 12 7 6 16 16 3 14 19 14 10 11 8 2 10 3 7 15 7 2
22 12 15 20 18 28 19 6 15 23 17 0 25 22 12 27 14 13 24 10 22 17 20 21 16 4 17 14 19 19 13 9 17 16 19
14 4 7 12 10 20 11 11 7 15 9 5 0 1 4 19 6 5 16 2 14 9 12 13 8 11 9 6 11 11 5 9 9 8 11
21 11 14 13 17 27 18 18 23 16 16 22 16 0 20 18 13 12 23 18 21 10 11 20 15 18 8 15 18 18 19 16 16 22 18
14 8 11 12 6 13 11 11 3 9 13 16 16 10 0 15 6 9 16 18 18 9 8 13 8 11 5 2 15 11 1 9 9 4 11
14 18 5 10 8 20 17 13 13 13 4 10 23 17 10 0 16 11 10 25 12 7 15 13 8 11 15 12 6 14 7 9 19 11 6
8 6 9 6 12 14 13 7 12 9 11 17 11 12 9 13 0 7 10 13 16 3 6 7 2 5 3 11 13 5 6 3 3 9 4
19 9 2 10 5 14 16 12 13 13 4 10 17 18 10 16 11 0 10 19 9 7 9 18 13 16 6 3 6 16 7 14 14 11 6
18 8 8 16 11 24 7 10 20 19 10 4 13 7 17 15 10 6 0 15 15 13 8 17 12 8 5 9 12 15 13 13 13 1 12
12 2 5 10 8 18 9 11 5 13 7 13 15 12 2 17 4 3 14 0 12 7 10 11 6 9 7 4 9 9 3 7 7 6 9
19 9 12 17 15 25 16 3 13 20 14 20 22 16 10 24 11 10 21 24 0 14 17 18 13 16 14 12 16 6 7 14 4 10 10
29 19 22 3 19 26 20 8 16 6 14 13 15 16 13 17 21 20 13 17 29 0 10 28 23 17 18 15 9 16 10 24 24 14 8
19 9 12 10 8 25 16 15 12 13 4 10 5 6 9 7 11 10 10 7 19 7 0 18 13 16 14 11 6 16 7 14 14 11 6
16 11 11 12 14 22 10 15 5 15 6 7 7 8 11 9 8 9 3 9 18 9 2 0 10 13 11 13 8 13 9 11 11 4 8
6 19 14 17 17 12 15 5 10 20 11 15 15 16 17 14 13 14 8 17 21 14 7 5 0 3 16 19 13 18 14 1 16 9 13
27 20 20 11 23 26 20 2 16 14 22 21 23 19 13 25 19 18 21 18 27 8 18 26 21 0 18 15 17 24 10 5 22 13 16
13 3 6 11 9 19 10 12 15 14 8 14 8 9 12 10 5 4 15 10 13 8 3 12 7 10 0 7 10 10 11 8 8 14 10
16 6 9 14 12 11 13 15 21 17 11 14 14 15 18 13 8 7 18 16 16 11 6 15 10 13 3 0 13 13 14 11 11 17 13
18 12 15 16 10 17 11 6 7 13 17 4 20 11 4 19 10 13 4 22 22 13 12 17 12 8 9 6 0 15 1 13 13 5 15
18 12 11 16 14 17 11 17 7 13 13 20 20 10 4 19 10 9 15 22 18 13 12 17 12 15 9 6 15 0 1 13 13 4 15
17 11 10 15 13 16 10 16 6 12 12 19 19 9 3 18 9 8 14 21 17 12 11 16 11 14 8 5 14 14 0 12 12 3 14
25 15 18 23 21 31 22 24 18 26 20 26 28 25 15 30 17 16 27 13 25 20 23 24 19 22 20 17 22 22 16 0 20 19 22
15 5 8 13 11 21 12 14 9 16 10 16 18 12 6 20 7 6 17 20 15 10 13 14 9 12 10 8 12 2 3 10 0 6 6
15 14 7 15 10 21 7 14 18 18 9 15 19 6 15 21 16 5 11 21 14 12 14 14 9 12 11 8 11 21 12 10 19 0 11
26 20 8 16 11 25 19 18 15 19 10 16 28 18 12 27 18 17 16 30 15 13 20 25 20 23 17 14 12 8 9 21 21 12 0
