35
0 17 18 25 7 19 22 18 9 16 19 5 10 9 14 8 13 13 25 14 12 10 18 13 19 17 12 19 11 15 13 14 22 9 11 
27 0 20 13 33 23 29 30 23 25 25 31 24 21 20 24 14 13 31 18 26 24 16 19 33 23 18 31 23 22 25 28 20 23 15
7 18 0 32 14 20 19 28 10 22 20 12 11 16 15 15 14 14 26 19 9 7 25 14 23 18 13 21 18 12 20 11 23 16 16
20 15 34 0 27 25 26 26 17 20 10 25 18 17 22 24 21 21 16 20 16 14 30 11 30 21 20 28 19 19 21 18 26 13 17
8 15 26 33 0 15 14 23 10 17 20 13 11 16 15 16 14 14 26 19 4 7 26 14 18 18 13 16 18 7 20 6 23 17 16
9 10 24 23 13 0 9 18 19 2 13 11 20 9 8 16 18 12 19 17 18 16 26 14 13 15 17 11 11 2 13 9 20 16 14
10 1 15 14 4 1 0 9 10 3 15 2 11 10 10 17 9 3 21 8 9 7 18 9 4 13 8 2 12 3 14 11 18 6 5
16 17 16 19 20 7 16 0 26 9 20 18 27 16 15 23 25 19 26 2 25 23 12 21 20 22 24 18 18 9 20 16 27 23 21
14 8 23 26 9 14 14 17 0 13 10 7 1 6 5 13 4 4 16 9 14 12 19 4 12 8 3 10 8 7 10 16 13 13 6
15 14 28 31 19 16 15 16 16 0 11 17 17 7 6 14 17 18 17 18 15 13 24 12 11 13 16 17 9 8 11 17 18 14 13
10 5 24 18 17 15 16 16 7 10 0 15 8 7 12 14 11 11 6 10 6 4 20 1 20 11 10 18 9 9 11 8 16 3 7
11 14 13 26 2 14 16 25 8 11 16 0 9 12 11 19 10 7 22 9 7 5 19 10 20 14 9 18 14 9 16 9 19 4 6
13 12 22 25 17 13 13 14 12 15 9 15 0 5 4 12 9 3 15 8 15 13 18 8 17 13 8 15 7 6 9 13 18 12 5
22 16 21 24 17 16 22 9 8 18 18 15 9 0 13 7 12 12 24 11 21 22 17 12 18 16 11 18 2 15 4 23 21 21 14
9 10 22 25 13 10 9 10 12 12 5 11 13 1 0 8 15 12 11 12 11 9 18 6 13 7 15 11 3 2 5 9 12 8 12
16 10 14 17 20 13 16 16 10 15 12 18 11 8 7 0 14 14 18 8 18 16 10 6 11 18 13 18 10 9 12 16 23 15 13
21 11 21 24 20 12 21 17 11 14 21 18 12 17 16 15 0 15 27 7 17 15 17 7 25 19 14 23 10 14 12 19 6 24 17
16 10 19 22 20 10 16 17 10 12 12 18 11 8 7 15 6 0 18 5 18 16 15 6 20 10 5 18 10 9 12 16 15 15 2
15 9 18 21 19 9 15 16 9 11 11 17 10 7 6 14 5 13 0 4 17 15 14 5 19 5 4 17 9 8 11 15 10 14 1
14 15 14 17 18 5 14 23 25 7 18 16 26 14 13 21 23 17 24 0 22 22 10 19 18 20 22 16 16 7 18 14 25 21 19
4 11 22 24 11 11 10 19 6 13 16 9 7 12 11 19 10 10 22 15 0 3 25 10 14 14 9 12 14 3 16 2 19 13 12
6 11 26 29 13 13 12 21 3 15 13 11 4 9 8 16 7 7 19 12 2 0 22 7 16 11 6 14 11 5 13 4 16 16 9
11 22 4 7 18 24 23 32 14 26 24 16 15 20 19 16 18 18 30 23 13 11 0 18 27 22 17 25 22 16 13 15 27 20 20
21 4 27 17 13 18 18 21 4 17 14 11 5 10 9 17 8 8 20 13 17 18 23 0 16 12 7 14 12 11 14 19 17 17 10
10 3 21 16 17 12 16 5 12 14 12 15 13 6 7 13 6 16 18 7 6 9 17 6 0 10 5 18 8 9 10 8 15 15 2
20 16 20 23 24 11 20 21 17 5 16 22 18 12 11 19 8 6 22 6 16 14 16 12 16 0 11 22 14 13 16 18 5 19 8
11 5 24 18 15 12 11 12 5 10 7 13 6 3 2 10 1 9 13 11 13 11 20 1 15 5 0 13 5 4 7 15 10 10 11
12 5 20 23 21 11 17 7 11 3 13 19 12 9 8 16 7 1 19 6 8 11 16 7 2 11 6 0 11 10 13 10 16 16 3
23 14 19 22 15 14 20 7 6 16 16 13 7 12 11 5 10 10 22 9 19 20 15 10 16 14 9 16 0 13 2 21 19 19 12
7 8 22 21 11 8 7 16 17 10 10 9 18 18 17 15 16 10 16 15 16 14 25 11 11 20 15 9 20 0 22 7 25 13 12
19 13 17 20 23 20 19 19 13 22 15 21 14 11 10 3 9 17 21 16 21 19 13 9 14 21 16 21 13 12 0 23 15 18 16
2 9 20 27 9 9 8 17 18 11 11 7 19 19 18 10 17 11 17 16 13 15 20 12 12 21 16 10 21 1 23 0 26 14 13
15 14 15 18 19 6 15 24 12 8 22 17 13 18 17 25 3 16 12 1 11 9 11 10 19 17 15 17 20 8 22 13 0 21 13
7 12 27 30 14 14 13 22 4 7 14 12 5 10 9 17 8 8 20 13 3 1 23 8 17 12 7 15 12 6 14 5 17 0 10
14 8 17 20 18 8 14 15 8 10 10 16 9 6 5 13 4 12 16 3 16 14 13 4 18 8 3 16 8 7 10 18 13 13 0
