40 1

1 1 1 1 1 1 1 1 1 1 1 1 1 1 1 1 1 1 1 1 1 1 1 1 1 1 1 1 1 1 1 1 1 1 1 1 1 1 1 1 

0 6 8 8 12 9 14 18 8 5 12 9 8 4 5 17 16 3 11 7 18 9 13 14 9 12 14 11 12 4 9 4 11 7 14 6 15 6 7 8 
6 0 2 9 10 15 20 12 8 3 7 15 7 10 11 18 14 9 10 13 13 3 7 7 10 14 12 13 6 3 3 10 10 6 8 12 21 12 13 11 
4 9 0 7 16 13 18 10 6 2 16 13 6 8 9 16 20 7 8 11 22 1 5 11 8 16 18 11 4 1 12 8 9 4 17 10 19 10 11 12 
8 2 4 0 12 13 16 14 10 6 9 13 10 12 13 9 16 11 7 9 15 5 9 7 11 16 11 15 8 5 5 12 4 9 10 14 23 10 12 10 
10 13 15 11 0 9 17 13 11 8 15 12 11 7 8 20 4 6 17 10 21 16 20 14 12 4 2 11 15 7 16 13 14 11 7 9 18 9 3 11 
5 8 10 13 11 0 19 20 13 3 17 14 7 9 10 22 15 8 8 12 23 11 15 13 14 3 13 2 5 2 11 9 10 2 16 11 20 11 12 13 
6 9 11 7 19 15 0 21 14 4 18 15 8 10 11 16 23 2 10 13 24 12 16 14 15 18 18 17 15 3 12 10 11 6 17 12 21 12 13 14 
11 7 9 12 12 13 15 0 9 9 13 13 9 15 16 21 16 7 7 8 19 10 14 1 10 16 14 1 13 8 5 14 12 3 10 17 26 10 15 9 
12 15 17 20 18 7 26 27 0 10 24 21 14 16 17 29 22 15 15 19 30 18 22 20 21 10 20 9 12 9 18 16 17 9 23 18 27 18 19 20 
17 13 15 14 17 12 19 25 13 0 17 12 4 21 22 23 21 16 10 12 23 16 20 10 14 15 19 14 8 14 16 11 7 12 15 23 32 9 20 13 
9 12 14 17 12 18 23 24 17 14 0 18 17 13 14 26 16 12 16 16 6 15 19 16 9 8 14 20 18 13 10 13 13 18 15 15 24 15 15 8 
9 3 5 12 13 12 15 15 9 7 13 0 9 13 14 21 17 12 6 8 19 6 10 6 9 15 15 7 9 6 6 1 3 8 11 15 24 9 16 9 
15 9 11 10 13 12 15 21 9 13 13 12 0 19 20 19 17 12 6 8 19 12 16 6 10 15 15 14 4 12 12 7 3 8 11 21 30 9 16 9 
3 8 10 11 8 5 10 20 4 8 8 5 4 0 1 20 12 6 10 3 14 11 15 10 5 8 10 7 8 7 11 6 7 7 16 2 11 2 3 4 
2 8 10 10 14 11 16 20 10 7 14 11 10 6 0 19 18 5 16 9 20 11 15 16 11 14 16 13 14 6 11 6 13 9 16 8 10 8 2 10 
10 11 13 9 15 12 17 23 11 15 15 12 11 7 8 0 19 13 17 10 21 14 18 17 12 15 2 14 17 14 14 13 14 5 19 9 18 9 3 11 
12 15 17 20 12 7 26 27 20 10 24 21 14 16 17 29 0 15 16 19 30 18 22 16 9 10 14 9 12 9 18 16 13 9 23 18 27 18 15 8 
4 7 9 5 17 13 18 19 12 2 16 13 6 8 9 14 21 0 12 11 22 10 14 12 13 16 16 15 13 1 10 8 9 4 15 10 19 10 11 12 
11 9 11 19 19 6 21 21 15 9 19 6 13 15 16 28 23 14 0 14 25 12 16 12 16 9 21 8 15 8 12 7 9 8 17 17 26 3 18 15 
13 10 12 14 5 13 7 22 1 11 5 13 1 12 13 23 9 9 7 0 11 13 17 7 2 9 7 15 5 10 13 8 4 9 12 14 23 10 8 1 
3 6 8 11 6 12 17 18 11 8 15 12 11 7 8 20 10 6 10 10 0 9 13 10 3 10 8 14 12 7 4 7 7 12 9 9 18 9 9 2 
11 8 10 6 12 12 13 9 5 12 15 20 16 15 9 15 16 15 13 18 21 0 4 10 7 15 14 10 3 11 11 15 10 12 16 17 19 17 11 19 
13 12 14 17 8 8 19 5 1 11 17 10 13 17 18 26 12 12 10 12 23 15 0 6 3 11 10 6 18 10 10 11 7 8 15 15 28 13 11 13 
10 6 8 11 11 19 14 18 8 8 12 19 8 14 15 20 15 6 14 7 18 9 13 0 9 15 13 19 12 7 4 14 11 2 9 16 25 16 14 8 
15 13 15 16 5 13 16 20 10 13 14 13 10 12 13 25 9 11 7 9 20 11 15 7 0 9 7 15 14 12 11 14 4 9 16 14 23 10 8 10 
24 18 20 19 22 21 24 30 18 22 22 21 9 28 29 28 26 21 15 17 28 21 25 15 19 0 24 23 13 21 21 16 12 17 20 30 39 18 25 18 
8 9 11 7 13 10 15 21 9 13 13 10 9 5 6 16 17 11 15 8 19 12 16 15 10 13 0 12 15 12 12 11 12 12 17 7 16 7 1 9 
12 6 8 15 16 12 26 18 14 10 13 12 14 16 17 24 20 15 6 19 19 9 13 13 16 15 9 0 12 9 9 13 15 14 14 18 27 9 10 17 
14 8 10 6 6 18 10 20 16 12 15 18 16 13 14 15 10 12 13 16 21 11 15 13 18 10 8 21 0 11 11 19 10 15 16 15 24 15 9 17 
3 9 11 11 15 12 17 15 11 1 15 12 5 7 8 20 19 6 11 10 21 6 10 11 12 15 17 14 9 0 12 7 8 3 17 9 18 9 10 11 
8 2 4 11 7 17 18 14 10 6 9 17 10 12 13 20 11 11 16 11 15 5 9 4 9 11 9 15 8 5 0 12 13 6 5 14 23 14 10 8 
8 2 4 11 12 17 22 14 10 6 9 17 10 12 13 20 16 11 16 15 15 5 9 9 12 16 14 15 8 5 5 0 13 8 10 14 23 14 15 13 
13 9 11 14 10 9 12 16 6 11 10 9 6 17 18 23 14 9 3 5 16 7 11 3 7 12 12 11 10 10 7 10 0 5 12 19 28 6 13 6 
13 16 18 21 19 8 27 28 21 11 25 22 15 17 18 30 23 16 16 20 31 19 23 21 22 11 21 10 13 10 19 17 18 0 24 19 28 19 20 21 
12 15 17 13 2 14 19 27 13 10 17 14 13 9 10 22 6 8 11 12 23 18 22 11 4 6 4 16 17 9 18 15 8 13 0 11 20 11 5 3 
14 11 13 15 6 14 8 23 2 12 6 14 2 13 14 24 10 10 8 1 12 14 18 8 3 10 8 16 6 11 14 9 5 10 13 0 24 11 9 2 
7 1 3 10 11 12 21 13 9 5 8 12 9 11 12 19 15 10 15 14 14 4 8 8 5 15 4 14 7 4 4 11 12 7 9 13 0 9 5 12 
8 6 8 16 16 3 18 18 12 6 16 3 10 12 13 25 20 11 9 11 22 9 13 9 13 6 18 5 12 5 9 4 6 5 14 14 23 0 15 12 
12 8 10 6 18 7 22 20 16 10 15 7 14 16 17 15 22 15 13 15 21 11 15 13 17 10 17 9 14 9 11 8 10 9 16 18 11 4 0 16 
14 14 16 15 4 16 17 26 11 12 15 16 11 11 12 24 8 10 8 10 21 17 21 8 1 8 6 18 15 11 12 17 5 10 11 13 22 13 7 0 

