40 1

1 1 1 1 1 1 1 1 1 1 1 1 1 1 1 1 1 1 1 1 1 1 1 1 1 1 1 1 1 1 1 1 1 1 1 1 1 1 1 1 

0 21 8 13 12 9 13 9 19 18 6 19 11 11 12 19 21 6 12 8 7 12 21 8 8 3 12 11 13 11 29 10 4 12 13 17 10 12 19 17 
12 0 13 8 8 15 13 9 3 18 18 19 6 17 12 19 16 18 14 20 19 17 11 18 14 8 12 21 18 14 29 10 16 15 20 7 22 17 16 19 
16 13 0 18 10 20 9 5 16 19 13 15 13 12 13 18 26 22 12 24 9 19 13 13 19 13 8 18 5 16 28 6 15 13 5 9 8 4 11 17 
4 12 12 0 13 13 9 10 8 19 10 15 11 15 13 18 8 10 6 12 11 16 16 12 12 7 8 13 12 20 28 6 8 16 11 12 14 16 17 11 
12 20 20 8 0 21 17 18 16 18 14 23 19 18 21 19 16 18 14 20 10 16 10 10 20 15 16 19 11 6 13 14 16 19 13 11 22 10 8 19 
13 17 4 17 9 0 6 2 12 16 3 12 8 2 10 15 25 19 13 12 4 16 17 13 9 10 5 8 9 15 25 3 5 3 9 13 12 8 15 18 
7 25 12 13 13 14 0 12 6 10 13 6 9 16 4 9 21 13 19 15 11 19 11 11 15 10 8 15 14 11 19 6 11 17 12 12 17 7 9 13 
11 22 16 10 17 18 4 0 10 14 17 10 8 16 8 13 18 17 16 10 15 14 15 15 19 9 3 19 13 8 23 1 15 17 16 16 21 11 13 21 
17 25 13 13 5 14 10 6 0 20 11 16 3 16 14 19 21 23 17 25 10 14 8 15 13 18 9 16 16 11 18 7 9 12 18 4 21 17 13 22 
7 15 4 3 7 6 3 8 9 0 9 9 7 8 7 1 11 13 9 15 10 19 10 10 15 7 2 5 6 1 11 9 11 9 2 6 12 8 8 14 
9 27 11 15 6 17 7 3 13 12 0 13 5 9 6 13 23 15 20 17 1 21 12 17 16 7 6 5 16 13 23 4 12 10 14 8 19 15 20 25 
7 16 14 13 17 16 7 14 13 10 13 0 11 15 4 11 21 13 19 15 14 19 20 8 15 10 6 15 8 11 21 15 11 16 12 16 17 18 18 7 
14 25 10 13 14 11 7 3 13 17 8 13 0 13 11 16 21 20 14 13 9 17 21 14 10 15 6 13 15 13 26 4 6 9 15 17 18 14 21 19 
10 15 2 16 7 8 8 4 14 13 1 14 6 0 7 14 24 16 11 18 2 22 15 11 7 8 7 6 7 14 24 5 3 1 7 11 10 6 13 16 
3 21 10 9 13 12 9 12 15 6 9 15 13 14 0 7 17 9 15 11 10 15 16 11 11 6 8 11 12 7 17 13 7 15 8 12 13 14 14 20 
9 15 3 3 13 5 2 7 8 12 8 8 6 7 6 0 11 8 9 17 9 21 16 10 14 12 1 13 8 13 10 8 10 8 8 12 12 7 14 14 
10 4 11 12 12 13 3 2 7 13 10 9 10 9 7 14 0 6 20 18 11 22 15 8 16 7 5 5 16 14 24 3 12 10 15 11 10 15 21 16 
18 10 14 18 18 14 11 16 13 21 17 17 16 16 15 22 26 0 17 26 18 30 21 2 13 9 19 22 19 22 32 17 19 17 19 17 4 18 25 22 
20 14 11 22 16 7 13 9 17 23 10 19 15 9 17 24 30 26 0 19 11 23 24 6 16 17 12 15 6 22 34 10 12 10 16 20 19 15 22 5 
12 23 8 11 13 12 5 1 11 15 7 11 9 6 9 16 19 18 17 0 8 4 19 17 13 14 4 12 13 16 26 2 9 7 13 15 16 12 19 22 
17 25 25 13 5 26 24 23 21 23 19 30 24 23 28 24 21 23 19 25 0 21 15 15 25 20 25 24 16 11 18 24 21 24 18 16 27 15 13 24 
24 30 26 18 10 33 22 26 28 27 23 28 31 28 21 28 26 30 24 32 5 0 19 19 35 21 29 28 21 16 23 27 31 29 11 15 16 20 17 29 
15 23 12 11 15 14 11 16 17 8 17 17 15 16 15 9 19 21 17 23 11 6 0 18 23 15 10 13 14 9 19 17 19 17 10 14 20 16 16 22 
29 33 20 25 17 16 22 18 28 32 19 28 24 18 26 33 33 35 29 37 12 29 23 0 25 18 21 24 25 23 30 19 21 19 15 19 13 24 21 34 
14 18 5 18 10 1 7 3 13 17 4 13 9 3 11 18 26 20 4 13 5 17 18 4 0 11 6 9 10 16 28 4 6 4 10 14 13 9 16 9 
21 18 5 23 15 21 14 10 21 24 18 20 18 17 18 25 31 27 28 29 14 24 18 18 24 0 13 23 10 21 35 11 20 18 10 14 13 9 16 27 
8 21 8 14 12 8 1 10 7 11 11 7 5 10 5 12 22 14 21 16 12 20 12 12 17 11 0 16 13 12 22 11 13 11 13 13 18 12 10 14 
14 19 6 20 11 12 12 8 8 17 5 18 11 4 11 18 28 20 15 22 6 26 16 15 11 2 11 0 11 18 28 9 7 5 11 12 14 10 17 20 
17 8 9 16 14 15 15 11 11 20 8 21 14 7 14 21 24 23 18 25 9 29 19 18 14 15 14 13 0 21 31 12 10 8 14 15 17 13 20 23 
6 14 14 2 12 15 11 12 10 21 12 17 13 12 15 22 10 12 8 14 13 18 15 14 14 9 10 15 5 0 32 8 10 13 7 11 16 18 13 13 
15 17 12 11 15 8 11 10 20 8 11 17 15 10 15 9 19 21 17 23 12 27 18 9 17 15 10 13 9 9 0 11 13 11 10 14 20 16 16 8 
10 21 10 9 14 10 3 12 9 13 13 9 7 12 7 14 17 16 15 18 14 22 14 14 19 13 2 18 15 14 24 0 15 13 15 15 20 14 12 20 
11 21 9 9 8 5 11 7 17 14 2 17 7 7 8 15 17 17 8 19 3 23 14 8 4 9 10 7 12 7 25 8 0 8 16 10 21 13 22 13 
12 14 1 10 11 21 5 6 11 15 14 11 14 13 9 16 18 18 16 20 10 24 14 14 20 15 9 19 6 8 26 7 16 0 6 10 9 5 12 21 
13 25 20 13 5 22 11 15 17 16 12 17 20 21 10 17 21 19 19 21 8 14 8 8 21 16 18 17 16 11 27 16 17 22 0 4 23 18 6 24 
14 21 21 9 1 23 7 19 13 17 15 13 16 19 11 18 17 20 15 22 11 10 4 11 22 17 15 20 12 7 14 13 18 20 14 0 24 14 9 20 
14 23 10 20 18 10 7 12 13 17 13 13 16 12 11 18 28 20 13 22 14 26 21 13 9 5 15 18 15 18 28 13 15 13 15 17 0 14 21 18 
28 39 28 27 32 28 21 17 27 31 31 27 25 30 25 32 35 34 33 27 32 31 32 32 37 31 20 36 33 32 42 18 33 31 33 33 38 0 30 38 
15 25 14 13 4 13 13 9 19 10 6 19 11 15 12 11 21 21 16 9 2 8 2 2 12 13 12 11 16 11 21 10 8 16 12 3 25 18 0 21 
21 9 12 17 17 8 14 10 12 24 11 20 15 10 18 25 25 27 21 20 12 24 20 1 17 18 13 16 1 23 35 11 13 11 17 16 20 16 23 0 

