40 1

1 1 1 1 1 1 1 1 1 1 1 1 1 1 1 1 1 1 1 1 1 1 1 1 1 1 1 1 1 1 1 1 1 1 1 1 1 1 1 1 

0 31 21 22 11 26 23 12 10 9 26 23 19 21 16 18 20 25 20 15 24 20 16 27 14 17 18 19 14 15 12 20 6 22 15 27 22 26 24 12 
8 0 10 8 19 8 2 5 15 10 15 5 17 13 12 7 11 14 14 8 13 11 7 16 7 9 9 10 5 11 8 11 8 4 6 18 13 8 13 3 
5 21 0 9 16 16 16 4 14 9 7 8 9 12 9 6 4 4 10 3 5 1 6 8 2 8 2 9 4 7 3 10 7 12 5 17 6 16 3 2 
15 26 24 0 26 21 15 18 19 15 29 18 33 27 8 21 19 28 27 13 29 25 15 7 12 23 17 14 13 21 11 15 12 17 10 26 21 21 27 26 
6 20 14 9 0 15 16 3 13 9 19 12 23 10 10 11 9 18 9 6 19 11 5 16 5 6 7 8 3 12 6 9 6 11 4 16 11 15 17 1 
7 5 5 8 18 0 7 2 12 5 6 7 14 8 8 2 9 9 19 4 10 6 11 7 4 4 7 12 7 12 5 13 10 9 8 22 11 13 8 7 
13 29 8 17 24 24 0 12 22 8 15 16 17 11 12 5 12 12 18 11 13 9 14 16 10 7 10 17 12 15 11 18 15 20 13 25 14 24 11 10 
5 22 16 13 16 17 14 0 15 11 23 14 25 19 7 13 11 20 17 3 21 8 13 20 2 15 9 10 5 14 3 11 8 13 6 24 13 17 19 9 
10 21 11 12 21 16 13 13 0 10 18 13 20 14 6 8 15 15 22 8 16 12 17 19 7 10 13 9 4 18 2 10 7 12 5 28 17 16 14 13 
8 25 19 16 19 20 17 3 18 0 26 17 28 22 10 16 14 23 20 6 24 11 16 23 5 18 12 13 8 17 6 14 11 16 9 27 16 20 22 12 
9 20 11 2 20 15 9 11 6 9 0 1 8 14 2 8 6 15 21 1 4 12 9 1 6 10 4 8 7 9 5 9 6 11 4 20 8 15 6 9 
15 21 10 3 26 16 18 14 20 10 17 0 19 13 11 7 5 14 20 8 15 11 16 10 12 9 3 15 10 8 8 16 11 18 11 27 7 22 13 12 
14 20 9 18 25 25 17 13 14 18 16 17 0 21 18 15 13 13 19 12 14 10 15 17 11 17 11 9 13 16 12 19 16 21 14 13 15 19 12 11 
14 25 15 17 25 20 16 17 18 14 15 16 24 0 17 12 10 19 10 12 20 16 21 16 11 14 8 13 8 13 6 14 11 16 9 12 12 20 18 17 
20 22 15 6 31 27 7 19 16 15 22 23 24 18 0 12 19 19 25 18 20 16 21 13 17 14 17 11 19 22 18 21 18 23 16 32 21 27 18 17 
8 24 3 12 19 19 14 7 17 3 10 11 12 6 7 0 7 7 13 6 8 4 9 11 5 2 5 12 7 10 6 13 10 15 8 20 9 19 6 5 
10 26 5 14 21 21 16 9 19 5 12 13 14 8 9 2 0 9 15 8 10 6 11 13 7 4 7 14 9 12 8 15 12 17 10 22 11 21 8 7 
3 20 11 15 14 15 9 12 13 9 16 12 20 14 18 8 6 0 21 7 16 12 2 17 6 10 4 8 9 9 7 9 6 11 4 13 8 15 14 13 
14 25 25 20 13 20 21 16 18 14 22 17 24 23 24 22 22 23 0 12 20 26 18 23 11 19 20 13 8 23 12 14 11 16 9 29 24 20 28 14 
16 33 24 23 27 28 30 20 26 22 29 20 33 14 31 21 19 28 26 0 29 25 15 30 19 10 17 21 20 22 20 22 19 24 17 26 21 28 27 18 
11 15 13 4 22 10 11 12 8 11 2 3 4 16 4 10 8 17 23 3 0 14 11 3 8 12 6 10 9 11 7 11 8 13 6 22 10 17 8 11 
4 20 14 9 15 15 16 3 13 9 19 12 23 17 10 11 9 18 9 2 19 0 5 16 1 13 7 8 3 12 2 9 6 11 4 16 11 15 17 1 
1 18 9 13 12 13 15 10 11 7 14 10 18 12 16 6 4 13 19 5 14 10 0 15 4 8 2 6 7 7 5 7 4 9 2 11 6 13 12 11 
8 19 17 7 19 14 8 11 12 8 16 11 18 20 1 14 12 21 20 6 14 18 8 0 5 16 10 7 6 15 4 8 5 10 3 19 14 14 20 19 
3 20 14 15 14 15 16 12 13 9 21 12 23 17 19 11 9 18 13 1 19 15 20 22 0 13 7 8 3 12 1 9 6 11 4 31 11 15 17 15 
15 27 20 13 26 22 23 10 20 16 27 10 29 4 17 17 15 12 16 13 25 21 14 20 12 0 13 15 10 18 13 16 13 18 11 25 17 22 23 8 
12 18 7 16 23 13 20 11 17 7 14 15 16 10 11 4 2 11 17 10 12 8 13 15 9 6 0 12 7 5 5 13 8 15 8 24 4 19 10 9 
15 11 20 11 26 21 13 16 5 15 9 10 11 23 11 17 15 24 27 10 7 21 18 10 12 19 13 0 9 18 7 15 12 17 10 29 17 21 15 14 
6 17 17 12 17 12 13 9 10 6 14 9 16 20 16 14 15 15 10 4 12 18 11 15 3 16 13 5 0 15 4 6 3 8 1 22 17 12 20 18 
14 31 18 11 25 26 15 9 24 6 25 8 27 21 16 15 13 22 32 12 23 19 24 18 11 17 11 19 14 0 12 20 3 22 15 35 15 26 21 20 
8 19 19 14 19 14 15 11 12 8 16 11 18 22 18 16 17 17 12 6 14 20 13 17 5 18 15 7 2 17 0 8 5 10 3 24 19 14 22 20 
12 11 11 6 23 6 7 8 18 11 12 3 20 14 14 8 8 9 12 11 16 12 11 13 10 10 6 18 13 9 11 0 12 2 14 22 10 6 14 13 
11 28 22 20 22 23 12 6 21 3 29 17 13 25 13 19 17 26 23 9 27 14 19 30 8 21 15 16 11 9 9 17 0 19 12 30 19 23 25 15 
10 9 9 4 21 4 11 6 16 9 10 1 18 12 12 6 6 7 10 9 14 10 9 11 8 8 4 16 11 7 9 17 10 0 12 20 8 4 12 11 
5 16 16 11 16 11 12 8 9 5 13 8 15 19 15 13 13 14 17 3 11 17 16 14 2 15 11 4 5 14 3 5 2 7 0 27 15 11 19 17 
12 16 14 5 23 11 4 13 9 12 3 4 11 17 5 11 9 18 12 4 7 15 12 4 9 13 7 11 12 9 10 12 9 7 7 0 11 6 9 12 
9 14 14 15 20 9 16 11 13 7 15 12 23 17 17 11 18 18 13 7 19 15 20 16 6 13 16 8 3 1 1 9 4 11 4 31 0 15 17 16 
17 34 21 14 28 29 26 12 27 9 28 11 30 24 19 18 16 14 6 15 26 22 16 21 14 20 14 22 17 3 15 23 6 25 18 27 18 0 24 23 
8 22 16 6 19 17 13 5 10 11 4 5 6 19 6 13 11 20 11 5 2 17 7 5 7 15 9 10 5 14 8 11 8 13 6 18 13 17 0 3 
5 19 13 8 16 14 15 2 12 8 18 11 22 16 9 10 8 17 8 5 18 14 4 15 4 12 6 7 2 11 5 8 5 10 3 15 10 14 16 0 

