40 1

1 1 1 1 1 1 1 1 1 1 1 1 1 1 1 1 1 1 1 1 1 1 1 1 1 1 1 1 1 1 1 1 1 1 1 1 1 1 1 1 

0 5 7 9 7 13 7 18 18 15 9 10 18 11 14 8 6 17 9 8 15 13 12 14 8 10 13 12 2 14 7 16 13 10 21 6 16 5 13 11 
30 0 14 5 12 20 3 22 12 19 10 15 23 11 10 13 13 18 16 15 13 14 8 10 4 10 17 19 9 15 7 20 9 17 15 2 17 12 18 7 
30 15 0 13 3 20 11 22 20 22 16 17 25 12 10 12 17 10 12 15 22 6 14 18 12 13 8 14 17 6 15 11 15 11 15 10 8 20 11 15 
33 3 9 0 9 15 6 25 20 17 13 12 20 13 13 10 8 20 11 10 17 16 11 13 7 12 15 14 4 16 9 18 12 12 18 5 18 7 15 10 
35 13 4 13 0 18 11 27 17 20 14 15 23 12 14 16 15 10 10 13 20 6 12 18 12 13 6 11 17 10 16 9 13 19 20 10 12 20 5 15 
23 7 13 7 16 0 5 15 16 2 3 15 23 10 3 12 15 11 10 13 20 7 6 10 4 9 16 21 11 14 14 15 2 19 8 9 16 14 18 7 
35 5 11 2 11 17 0 27 22 19 15 14 22 15 15 12 10 19 13 12 10 15 13 15 9 14 11 16 6 9 11 14 14 14 20 7 11 9 14 12 
8 4 11 6 14 9 4 0 18 11 5 13 21 8 5 5 14 13 12 11 18 9 3 11 5 7 15 20 10 13 8 18 4 9 10 3 15 2 16 8 
18 11 9 8 12 15 6 10 0 13 15 3 11 13 15 15 16 11 14 18 8 7 13 21 15 14 10 22 12 8 17 13 14 12 3 13 10 12 6 18 
26 5 14 5 14 20 3 18 19 0 6 17 25 16 6 15 13 14 13 15 13 10 4 13 7 15 14 19 9 12 12 17 5 17 11 7 14 12 17 10 
18 14 25 14 25 31 12 27 28 9 0 26 34 25 15 26 24 23 22 26 22 19 13 22 16 24 23 30 20 21 21 26 14 26 20 16 23 23 26 19 
28 8 6 5 9 12 3 20 10 10 15 0 8 10 15 14 13 8 11 15 5 4 14 18 12 11 7 19 9 5 14 10 15 9 13 10 7 12 3 15 
29 14 12 11 10 16 9 21 21 18 16 6 0 14 16 16 9 14 12 11 11 10 21 15 17 13 13 15 15 11 10 16 15 13 24 16 13 18 9 20 
30 9 3 12 6 10 10 22 23 12 10 7 15 0 10 4 11 7 6 5 12 11 10 9 6 1 8 17 16 6 10 11 9 15 15 11 8 19 10 9 
20 10 10 11 13 15 9 12 13 17 16 12 20 10 0 14 19 8 7 10 17 4 14 16 10 11 18 16 15 16 13 12 15 21 5 8 15 14 15 13 
26 7 13 10 8 14 8 18 19 16 8 11 19 10 6 0 7 14 10 9 16 10 6 8 2 9 14 13 14 15 6 17 7 11 11 9 17 17 14 5 
20 6 5 5 1 7 3 12 12 9 7 4 12 5 7 7 0 12 3 2 9 8 12 6 8 4 7 6 9 8 1 10 6 4 15 8 10 14 7 11 
32 11 5 14 8 12 12 24 25 14 12 9 17 2 12 6 13 0 8 7 14 13 12 11 8 3 10 19 18 8 12 13 11 17 17 13 7 21 12 11 
28 3 11 8 14 8 6 20 21 10 8 5 13 14 8 16 16 13 0 3 10 9 11 7 7 13 12 22 12 10 10 15 7 14 13 5 12 15 8 10 
25 4 8 7 11 5 5 17 18 7 5 2 10 12 5 16 15 10 1 0 7 6 10 4 6 13 9 21 11 7 11 12 4 11 10 6 9 14 5 9 
20 13 13 10 16 7 8 12 15 9 10 15 9 10 10 12 18 18 14 13 0 14 15 17 11 9 10 24 14 8 6 13 9 4 18 15 10 14 13 14 
32 10 9 7 12 17 5 24 14 19 12 14 22 6 12 10 15 4 9 12 19 0 10 12 6 7 14 21 11 12 9 8 11 19 17 4 11 14 17 9 
22 1 15 5 14 17 3 14 15 11 2 14 22 12 2 14 13 10 9 12 19 6 0 9 3 11 18 19 9 16 8 14 1 17 7 3 18 12 17 6 
36 17 11 17 14 10 15 28 18 12 13 15 23 8 13 12 19 6 14 13 20 17 16 0 14 9 16 12 21 14 18 19 12 23 21 19 13 24 18 17 
26 5 16 9 18 11 7 18 19 13 6 10 18 16 6 18 17 14 13 16 15 10 4 6 0 15 17 23 13 15 12 20 5 19 11 7 17 16 13 3 
29 8 4 11 7 9 9 21 22 11 9 6 14 1 9 3 10 8 5 4 11 10 9 8 5 0 7 16 15 5 9 10 8 14 14 10 7 18 9 8 
28 7 6 11 9 12 9 20 21 14 8 9 17 10 8 14 9 8 4 7 14 4 6 11 9 11 0 15 15 17 10 3 7 13 13 9 15 18 3 12 
24 10 13 14 13 15 12 16 6 17 15 9 17 17 15 19 12 15 7 10 14 11 13 14 14 16 7 0 18 14 13 6 14 16 9 12 16 18 10 17 
24 10 5 7 5 11 5 16 16 13 12 8 16 9 12 6 4 16 7 6 13 12 10 12 6 8 11 10 0 12 5 14 11 8 19 4 14 3 11 9 
21 9 8 13 11 14 11 13 23 16 10 11 19 12 10 16 11 10 6 9 16 6 8 13 11 13 2 17 17 0 12 5 9 5 15 11 2 15 5 14 
32 7 7 4 10 12 2 24 24 14 12 9 17 4 12 6 12 11 8 7 14 13 12 11 8 3 10 18 8 8 0 13 11 16 17 9 10 11 12 11 
29 4 12 9 7 9 7 21 18 11 9 6 14 11 9 13 6 14 1 4 11 10 12 8 8 10 13 12 13 14 7 0 8 10 14 6 13 16 9 11 
21 7 14 5 14 16 9 13 14 10 1 13 21 11 1 15 13 9 8 11 18 5 6 8 2 12 19 19 9 17 14 13 0 17 6 9 16 12 16 5 
16 12 12 14 15 18 12 8 11 20 13 15 23 16 13 13 15 14 10 13 20 10 11 19 13 17 6 21 18 4 16 9 12 0 14 11 6 10 9 16 
15 11 17 13 20 16 11 7 8 18 12 11 19 15 12 12 21 19 19 18 16 15 10 18 12 14 18 11 17 16 15 21 11 20 0 10 18 9 14 15 
28 6 12 3 12 18 1 20 10 20 8 13 21 9 8 11 11 16 14 13 18 12 6 8 2 8 15 17 7 13 5 18 7 15 13 0 15 10 16 5 
33 12 19 16 22 16 14 25 26 18 13 13 21 23 13 25 24 21 12 11 18 17 11 13 7 22 20 30 20 18 19 23 12 22 18 14 0 23 16 10 
29 7 13 4 13 7 2 21 11 9 9 14 22 10 9 3 12 17 15 14 19 13 7 9 3 9 13 18 8 11 6 16 8 7 14 1 13 0 16 6 
33 11 3 8 6 18 6 25 15 20 13 15 23 7 13 11 16 5 10 13 20 1 11 13 7 8 12 22 12 13 10 9 12 20 18 5 12 15 0 10 
23 2 13 6 15 8 4 15 16 10 3 7 15 13 3 15 14 11 10 13 12 7 1 3 4 12 14 20 10 12 9 17 2 16 8 4 14 13 10 0 

