40 1

1 1 1 1 1 1 1 1 1 1 1 1 1 1 1 1 1 1 1 1 1 1 1 1 1 1 1 1 1 1 1 1 1 1 1 1 1 1 1 1 

0 13 15 8 7 11 1 12 6 4 9 14 13 14 17 14 8 17 9 9 9 7 7 2 12 14 11 12 12 8 14 10 10 5 8 11 14 5 6 8 
12 0 7 6 12 9 13 17 13 6 14 21 13 12 11 5 8 22 12 21 9 14 14 14 15 21 11 20 5 15 12 22 8 10 15 16 14 8 6 20 
16 4 0 7 7 10 17 12 6 3 16 14 17 13 4 9 10 16 16 15 13 7 7 8 7 14 15 13 9 8 5 16 1 12 8 10 18 12 10 14 
15 17 13 0 15 3 16 20 15 16 7 23 18 6 17 12 13 15 15 18 14 16 12 11 18 13 16 21 10 17 18 19 14 3 17 9 19 11 11 17 
15 9 13 8 0 11 16 5 11 8 15 14 19 7 17 14 14 15 15 13 15 7 6 13 18 19 17 18 14 8 10 21 6 11 4 9 14 11 12 12 
8 12 19 12 8 0 9 13 10 11 13 18 12 18 16 13 7 21 8 17 8 11 11 10 11 18 10 20 16 12 13 18 9 9 12 15 13 4 5 16 
8 12 14 7 6 10 0 11 5 3 8 13 12 13 16 13 7 16 8 8 8 6 6 1 11 13 10 11 11 7 13 9 9 4 7 10 13 4 5 7 
14 8 12 3 11 6 15 0 10 7 10 9 18 9 16 13 13 14 14 17 14 2 5 16 17 18 16 26 13 3 9 24 5 6 3 8 9 10 11 22 
10 7 8 2 1 5 11 6 0 6 9 8 14 8 12 9 9 10 10 13 10 1 1 12 13 8 12 12 12 2 8 10 4 5 2 4 8 6 7 18 
18 8 16 14 15 17 19 20 14 0 13 22 21 20 20 13 7 18 18 21 11 15 9 17 21 22 13 27 16 16 13 25 9 9 7 12 16 14 14 26 
8 10 6 6 8 9 9 13 8 9 0 16 11 12 10 5 6 8 8 11 7 9 5 4 11 16 9 14 3 10 11 12 7 8 10 2 12 4 4 10 
20 14 22 9 20 12 21 25 20 6 16 0 24 15 9 19 13 24 20 27 17 21 15 22 23 28 19 32 19 22 19 30 15 12 13 18 22 16 17 32 
18 11 16 7 8 10 19 13 7 10 10 13 0 13 4 12 15 18 7 10 16 6 8 3 10 15 18 13 13 7 12 11 8 6 7 12 13 14 13 9 
20 9 18 15 18 18 21 23 22 15 23 27 22 0 22 14 17 20 20 13 18 23 11 22 23 30 20 16 14 21 21 14 17 19 24 14 23 16 15 18 
28 22 26 17 25 20 29 14 24 21 24 23 32 23 0 27 27 28 28 31 28 16 19 30 31 32 30 40 27 17 23 38 19 20 17 22 23 24 25 36 
7 11 15 1 7 4 8 12 9 10 9 17 8 7 12 0 3 17 7 16 4 10 10 9 10 17 6 19 12 11 12 17 8 5 11 11 9 3 1 15 
14 16 12 11 11 14 15 16 10 15 6 18 17 17 16 11 0 14 14 17 4 11 11 10 17 18 6 20 9 12 9 18 13 2 12 8 9 10 10 16 
13 15 11 13 13 6 14 18 15 10 18 20 17 19 15 12 12 0 13 3 13 16 4 10 16 23 15 20 12 14 16 18 12 14 17 7 18 9 10 8 
12 4 10 4 3 7 13 8 2 3 11 10 13 10 14 5 8 12 0 15 9 3 3 8 3 10 11 18 9 4 5 16 1 7 4 6 7 8 6 14 
21 9 5 12 12 15 22 17 11 8 14 19 10 18 9 14 17 22 17 0 18 12 12 7 12 19 20 17 17 13 10 15 6 10 13 16 23 17 15 5 
16 13 14 7 7 10 17 12 6 12 14 14 20 13 18 15 15 16 16 19 0 7 7 18 19 14 2 18 17 8 5 16 10 10 8 10 5 12 13 24 
12 6 10 1 9 4 13 14 8 5 8 7 16 7 14 11 11 12 12 15 12 0 3 14 15 16 14 24 11 1 7 22 3 4 1 6 7 8 9 20 
9 11 7 9 9 12 10 14 11 10 14 19 13 15 11 8 8 9 9 12 9 12 0 11 12 19 11 21 8 13 12 19 8 10 13 3 14 5 6 17 
15 11 13 6 5 9 16 10 4 10 7 12 18 12 17 12 13 15 15 7 14 5 5 0 18 12 16 10 10 6 12 8 8 3 6 9 12 11 11 6 
12 3 10 6 8 9 13 13 7 4 14 15 13 12 14 5 8 17 12 16 9 8 8 9 0 15 11 19 8 9 6 17 2 10 9 11 14 8 6 15 
21 23 19 18 18 21 22 23 17 13 13 7 24 24 16 18 7 21 21 24 11 18 18 17 24 0 13 27 16 19 16 25 20 9 19 15 16 17 17 23 
30 26 28 21 20 24 31 25 19 25 22 27 33 27 14 27 28 30 30 22 29 20 20 15 33 27 0 25 25 21 27 23 23 18 21 24 27 26 26 21 
17 19 15 14 14 17 18 19 13 18 9 21 20 20 19 14 3 17 17 8 7 14 14 13 20 21 9 0 12 15 12 12 16 5 15 11 12 13 13 7 
7 11 15 11 7 14 8 12 9 10 9 17 8 17 12 12 3 17 7 16 4 10 10 9 10 17 6 19 0 11 12 17 8 5 11 11 9 3 1 15 
17 14 15 8 8 11 18 13 7 13 15 6 21 14 19 16 16 17 17 20 17 8 8 19 20 15 19 19 18 0 6 17 11 11 9 11 15 13 14 25 
11 8 9 2 2 5 12 7 1 7 9 9 15 8 13 10 10 11 11 14 11 2 2 13 14 9 13 13 12 3 0 11 5 5 3 5 9 7 8 19 
12 14 10 12 4 15 13 9 14 13 11 18 9 11 13 11 5 12 12 10 9 11 3 14 15 22 11 2 14 12 15 0 11 7 8 6 14 8 9 9 
15 3 13 6 6 9 16 11 5 2 13 13 16 12 17 8 11 15 15 14 12 6 6 7 18 13 14 17 8 7 4 15 0 9 7 9 17 11 9 13 
12 14 10 10 12 13 13 17 12 13 4 20 15 16 14 9 10 12 12 15 11 13 9 8 15 20 13 18 7 14 15 16 11 0 14 6 16 8 8 14 
11 5 9 8 8 11 12 13 7 4 16 15 15 14 13 10 10 11 11 14 11 8 2 9 14 15 13 19 10 9 6 17 2 12 0 5 16 7 8 19 
6 8 4 6 6 9 7 11 8 7 11 16 10 12 8 5 5 6 6 9 6 9 9 8 9 16 8 18 5 10 9 16 5 7 10 0 11 2 3 14 
21 15 19 14 6 17 22 11 17 14 21 20 25 13 23 20 20 21 21 19 21 13 12 19 24 25 23 29 20 14 16 27 12 17 10 15 0 17 18 18 
4 8 15 8 4 11 5 9 6 7 9 14 8 14 12 9 3 17 4 13 4 7 7 6 7 14 6 16 12 8 9 14 5 5 8 11 9 0 1 12 
6 10 14 10 6 13 7 11 8 9 8 16 7 16 11 11 2 16 6 15 3 9 9 8 9 16 5 18 11 10 11 16 7 4 10 10 8 2 0 14 
13 10 6 13 13 16 14 18 12 9 15 9 17 19 10 12 12 13 13 1 13 13 13 8 16 20 15 18 12 14 11 16 7 11 14 7 18 9 10 0 

