40 1

1 1 1 1 1 1 1 1 1 1 1 1 1 1 1 1 1 1 1 1 1 1 1 1 1 1 1 1 1 1 1 1 1 1 1 1 1 1 1 1 

0 16 23 19 19 27 27 16 25 23 35 13 28 19 11 22 21 27 5 24 8 11 16 23 10 24 10 12 21 18 22 15 15 11 12 34 19 21 18 24 
8 0 11 12 8 11 11 11 10 8 19 10 13 4 18 7 14 20 13 8 9 10 9 24 11 9 4 11 10 5 23 6 10 12 13 27 3 7 2 19 
14 11 0 10 13 22 10 5 4 16 30 8 21 12 12 1 8 14 19 7 6 6 11 21 16 3 9 7 4 9 8 8 10 6 7 21 14 12 13 18 
9 11 10 0 3 22 20 15 14 12 30 8 17 8 14 11 9 15 7 17 10 12 11 25 6 7 3 7 5 13 18 18 11 7 8 22 14 2 13 28 
18 14 7 11 0 25 11 12 11 22 33 5 27 18 11 8 6 12 23 14 13 9 8 28 17 4 7 10 2 10 15 15 8 4 5 19 17 13 12 19 
19 22 16 18 13 0 26 7 20 21 8 12 26 17 14 17 19 25 14 23 17 17 15 32 16 19 13 18 15 11 12 13 16 17 9 32 17 12 24 34 
19 11 18 14 17 22 0 11 22 19 30 8 24 15 8 19 3 9 24 19 9 6 11 24 5 20 4 7 19 13 26 17 5 12 13 16 14 16 13 8 
23 15 9 9 12 26 19 0 13 23 34 12 28 19 7 10 18 24 8 16 11 10 15 26 15 12 8 11 14 4 17 17 9 16 2 16 18 11 17 27 
11 7 17 6 9 18 18 16 0 13 26 15 18 9 12 12 15 21 16 15 2 16 18 17 12 14 4 7 11 12 16 5 15 5 6 28 10 8 9 26 
16 8 4 8 11 19 7 9 8 0 27 2 21 12 16 5 10 9 15 11 10 3 5 25 14 1 11 4 8 7 12 12 2 10 11 23 11 10 10 15 
11 13 12 10 5 24 20 15 14 13 0 4 18 9 16 11 11 17 6 17 9 12 7 24 8 9 5 9 7 9 4 5 13 9 10 24 9 4 15 28 
15 17 10 6 9 28 20 15 14 18 36 0 23 14 20 11 15 21 13 17 16 16 3 31 12 13 9 13 11 5 18 18 17 13 14 28 20 8 19 28 
13 15 11 9 12 26 16 16 15 7 34 9 0 3 23 12 19 16 18 13 14 10 12 29 15 8 9 11 14 14 19 14 9 16 17 32 18 11 7 24 
20 12 8 6 9 23 11 13 12 4 31 6 9 0 20 9 14 13 13 15 14 7 9 29 12 5 9 8 11 11 16 16 6 13 14 27 15 8 14 19 
15 22 15 19 8 33 25 20 19 17 41 13 22 13 0 16 14 20 20 22 21 17 16 36 25 12 15 18 10 18 23 9 16 12 13 27 16 21 20 33 
13 10 6 9 12 21 9 4 3 15 29 14 20 11 11 0 12 18 18 6 5 12 17 20 15 3 7 10 10 8 14 7 14 8 6 25 13 11 12 17 
16 8 15 11 14 19 19 8 19 16 27 5 21 12 15 16 0 6 21 16 6 3 8 21 17 17 1 4 16 10 23 14 2 9 10 13 11 13 10 16 
21 13 20 16 19 24 24 13 24 21 32 10 26 17 11 21 27 0 26 21 22 8 13 37 22 22 17 9 21 15 28 19 7 23 15 40 16 18 15 21 
16 11 18 14 17 22 22 11 20 18 30 8 23 14 13 17 25 31 0 19 3 6 11 18 5 19 5 7 19 13 17 10 10 6 7 21 14 16 13 19 
7 14 3 11 9 25 3 8 7 9 33 11 14 5 15 4 6 12 12 0 9 9 14 24 8 6 7 10 7 12 11 1 8 9 4 19 8 13 16 11 
13 5 16 15 13 16 16 16 15 13 24 15 18 9 10 12 19 25 18 13 0 16 18 15 16 14 2 17 15 10 14 11 15 3 4 18 8 12 7 24 
13 5 12 8 11 16 16 5 16 13 24 2 18 9 12 13 19 25 18 13 14 0 5 29 14 14 9 1 13 7 20 11 4 15 7 32 8 10 7 24 
12 14 7 3 6 25 17 12 11 15 33 11 20 11 17 8 12 18 10 14 13 15 0 28 9 10 6 10 8 2 15 15 14 10 11 25 17 5 16 25 
15 7 18 17 15 18 18 18 17 15 26 17 20 11 25 14 21 27 20 15 16 18 20 0 18 16 11 19 17 12 30 13 17 19 20 34 10 14 9 26 
18 20 13 9 12 31 23 9 17 21 19 3 26 17 16 14 18 24 16 20 19 21 6 34 0 16 12 16 14 8 23 21 20 16 11 31 23 11 22 31 
15 7 3 13 16 18 13 8 7 15 26 11 20 11 15 4 11 17 20 10 9 9 14 24 19 0 12 10 7 6 11 11 13 9 10 24 10 15 9 21 
18 10 21 22 18 21 21 21 20 18 29 16 23 14 15 17 11 17 23 18 5 14 19 20 21 19 0 15 20 15 19 16 13 8 9 24 13 17 12 29 
12 4 15 14 12 15 15 15 14 12 23 14 17 8 22 11 18 24 17 12 13 15 17 28 15 13 8 0 14 9 27 10 14 16 17 31 7 11 6 23 
17 12 13 9 12 23 9 12 5 19 31 3 24 15 9 14 4 10 16 10 7 7 6 22 15 16 5 8 0 8 21 11 6 2 3 17 15 11 14 17 
19 16 5 15 18 27 15 10 9 21 35 13 26 17 17 6 13 19 24 12 11 11 16 26 21 8 14 12 9 0 13 13 15 11 12 26 19 17 18 23 
7 17 13 11 5 28 16 11 10 9 36 11 14 5 16 7 11 17 12 13 12 12 14 27 8 10 5 13 7 16 0 1 11 9 10 24 5 4 19 24 
6 16 12 10 8 27 16 11 10 8 35 10 13 4 18 7 14 20 11 13 12 11 13 27 16 9 13 12 10 15 20 0 10 12 13 27 7 12 18 24 
14 6 13 9 12 17 17 6 17 14 25 3 19 10 13 14 20 26 19 14 15 1 6 30 15 15 10 2 14 8 21 12 0 16 8 33 9 11 8 25 
15 14 11 17 20 25 11 16 15 17 33 11 22 13 7 12 14 20 20 8 12 9 14 27 16 14 7 10 15 16 19 9 8 0 1 27 17 19 16 19 
17 13 23 16 15 24 24 13 22 19 32 10 24 15 20 24 21 27 22 21 11 8 13 26 18 20 6 9 17 15 10 11 7 14 0 14 16 14 15 32 
25 20 13 17 6 31 17 18 17 27 14 11 32 23 17 14 12 18 20 20 19 15 14 34 23 10 13 16 8 16 18 19 14 10 11 0 23 19 22 25 
11 13 9 7 5 24 12 14 13 5 32 7 10 1 16 10 11 17 16 16 10 8 10 25 8 6 5 9 7 12 17 17 7 9 10 24 0 4 15 20 
7 9 8 12 1 20 18 13 12 10 28 6 15 6 12 9 7 13 12 15 6 10 9 21 4 5 1 5 3 11 16 16 9 5 6 20 12 0 11 26 
6 12 8 17 15 23 9 13 12 15 31 17 20 11 17 9 12 18 11 6 7 15 20 22 14 5 2 16 12 11 16 7 14 10 11 25 15 19 0 17 
22 19 15 18 21 30 8 13 12 24 38 16 29 20 20 9 11 17 27 15 14 14 19 29 13 12 12 15 19 17 23 16 13 17 15 24 22 20 21 0 

