40 1

1 1 1 1 1 1 1 1 1 1 1 1 1 1 1 1 1 1 1 1 1 1 1 1 1 1 1 1 1 1 1 1 1 1 1 1 1 1 1 1 

0 13 4 5 18 9 7 11 12 4 10 10 7 13 9 8 11 6 6 5 15 7 15 10 6 2 10 11 7 8 6 8 11 4 12 2 11 10 3 9 
16 0 16 8 21 20 16 13 14 19 12 18 11 16 13 11 15 4 9 20 17 13 18 8 9 18 13 26 23 11 21 10 14 19 15 17 26 12 18 12 
5 14 0 10 18 14 7 7 8 4 6 10 5 13 7 8 11 2 8 5 11 7 17 6 8 7 10 11 12 13 6 4 13 4 12 2 11 6 3 9 
8 8 8 0 18 15 7 8 16 12 14 14 7 13 9 8 6 10 1 13 14 5 10 14 1 10 10 19 15 3 11 12 6 12 12 10 19 15 11 9 
14 19 13 11 0 15 16 19 21 13 19 19 16 22 18 17 20 15 12 14 24 16 21 19 12 8 19 20 13 14 15 17 17 13 21 15 20 19 12 18 
8 17 3 13 21 0 10 10 11 7 9 13 8 16 10 11 14 5 11 8 14 10 20 9 11 10 13 14 15 16 9 7 16 7 15 5 14 9 6 12 
8 12 9 13 11 17 0 11 13 9 11 10 7 6 5 1 5 11 14 10 16 5 11 7 6 10 3 16 15 16 4 9 7 9 5 7 16 11 8 2 
8 9 7 13 16 7 10 0 8 7 6 12 5 4 7 6 10 9 8 8 6 10 17 12 5 10 8 14 15 12 9 4 13 7 3 5 14 7 6 7 
13 6 12 18 24 22 13 14 0 10 18 13 15 9 9 14 14 10 12 8 3 13 21 14 10 15 16 17 20 9 12 16 17 12 8 10 19 4 11 15 
6 10 6 11 14 15 3 13 16 0 12 12 5 9 7 4 8 8 12 7 12 3 14 10 4 8 6 7 13 14 2 12 10 6 8 4 13 13 5 5 
9 13 8 14 17 8 11 1 7 8 0 11 4 5 6 7 12 10 7 7 10 11 16 13 7 11 9 15 16 10 10 3 12 8 4 6 15 5 7 8 
10 10 11 15 13 17 2 10 11 11 9 0 8 8 7 3 1 1 11 12 14 7 13 5 4 12 5 18 17 14 6 7 9 11 7 9 18 9 10 4 
7 9 8 12 20 16 9 8 13 5 14 7 0 5 2 10 8 8 13 7 16 8 22 12 3 9 12 12 14 15 7 14 18 6 4 6 13 17 7 11 
16 15 15 12 24 25 13 20 22 15 20 11 18 0 18 14 12 12 13 10 25 18 22 16 9 18 16 22 23 15 17 18 18 15 18 17 8 20 14 15 
14 7 13 19 18 13 7 6 16 13 12 5 11 10 0 8 6 6 16 14 12 12 18 10 1 16 10 20 21 18 11 12 14 13 9 11 20 13 12 9 
9 11 8 14 10 18 5 10 12 8 10 9 9 5 4 0 4 10 12 9 15 11 9 6 5 11 2 15 16 17 10 8 17 8 4 6 15 10 7 1 
9 9 10 14 12 18 1 12 14 10 12 11 8 7 6 2 0 12 15 11 17 6 12 8 3 11 4 17 16 17 5 10 8 10 6 8 17 12 9 3 
14 16 15 19 17 16 12 9 10 12 8 14 7 12 9 7 11 0 10 14 13 15 19 4 10 16 9 19 21 13 14 6 15 13 11 13 20 8 14 8 
12 21 7 17 25 21 14 14 15 11 13 17 12 14 13 15 18 9 0 12 18 14 9 13 14 14 11 18 19 20 13 11 5 11 13 9 18 13 10 16 
6 19 5 11 18 15 7 12 13 5 11 5 8 13 10 8 6 6 12 0 16 8 17 10 9 8 10 12 13 14 7 9 17 5 12 7 12 11 4 9 
10 3 9 15 21 19 10 11 17 7 15 15 12 6 14 11 16 7 9 10 0 10 18 11 11 12 13 14 17 6 9 13 14 9 5 7 16 1 8 12 
3 12 7 8 22 12 11 10 15 7 13 9 2 7 4 12 10 10 9 8 9 0 18 14 5 5 14 14 10 11 9 11 14 7 6 5 14 10 6 13 
9 11 8 14 19 18 11 10 12 8 10 9 9 5 4 9 10 10 12 9 15 11 0 6 5 11 2 15 16 17 10 8 7 8 4 6 15 10 7 10 
10 12 11 15 13 12 8 5 6 8 4 10 3 8 5 3 7 11 6 10 9 11 15 0 6 12 5 15 17 9 10 2 11 9 7 9 16 4 10 4 
14 6 15 19 17 23 6 18 19 15 17 16 13 12 11 7 5 10 20 16 22 11 17 13 0 16 9 22 21 22 10 15 13 15 11 13 22 17 14 8 
6 11 5 3 19 7 8 11 13 5 11 11 8 14 10 9 12 7 4 6 16 8 13 11 4 0 11 12 5 6 7 9 9 5 13 7 12 11 4 10 
7 9 6 12 17 16 9 9 10 6 8 7 7 3 2 7 8 8 10 7 13 9 7 4 3 9 0 13 14 15 8 6 15 6 2 4 13 8 5 8 
6 16 5 11 17 15 8 9 10 5 8 11 7 12 9 7 12 7 10 6 13 8 9 4 10 8 9 0 13 14 7 6 15 5 11 7 12 8 4 8 
10 12 5 15 23 2 12 11 13 9 11 10 3 8 5 13 11 7 13 10 16 12 22 11 6 12 15 16 0 18 11 9 18 9 7 7 16 11 8 14 
13 5 10 18 21 12 15 5 13 12 11 17 10 9 12 11 15 9 3 13 11 15 12 13 13 15 13 19 20 0 14 9 8 12 8 10 19 12 11 12 
4 12 8 9 18 13 12 10 11 8 9 10 3 8 5 8 11 11 10 9 14 1 19 5 6 6 10 15 11 12 0 7 15 8 7 6 15 9 7 9 
8 10 10 13 21 10 10 3 4 6 2 8 1 7 3 11 9 9 4 8 7 9 13 13 4 10 13 13 15 7 8 0 9 7 6 8 14 2 9 12 
7 16 2 12 20 16 9 9 10 6 8 12 7 9 8 10 13 4 10 7 13 9 4 8 9 9 6 13 14 15 8 6 0 6 8 4 13 8 5 11 
1 13 5 6 19 10 8 12 7 5 11 6 3 8 5 9 7 7 7 1 10 8 16 11 6 3 11 12 8 9 7 9 12 0 7 3 7 11 4 10 
5 18 4 10 18 14 7 11 12 4 10 10 7 1 9 8 11 6 11 5 15 7 20 10 10 7 10 11 12 13 6 8 16 4 0 2 11 10 3 9 
3 16 2 8 16 12 5 9 10 2 8 8 5 11 7 6 9 4 9 3 13 5 18 8 8 5 8 9 10 11 4 6 14 2 10 0 9 8 1 7 
12 12 12 4 16 21 5 13 14 14 12 3 11 11 10 6 4 4 5 15 17 9 14 8 5 14 8 21 19 7 9 10 10 14 10 12 0 12 13 7 
9 10 8 14 22 18 11 10 16 8 14 14 11 5 13 12 15 10 8 9 19 11 17 14 14 11 14 15 16 5 10 12 13 8 4 6 15 0 7 13 
2 15 1 7 15 11 4 8 9 1 7 7 4 10 6 5 8 3 8 2 12 4 17 7 7 4 7 8 9 10 3 5 13 1 9 3 8 7 0 6 
9 18 13 14 28 18 17 16 21 13 19 15 8 13 10 18 16 16 15 14 15 6 24 20 11 11 20 20 16 17 15 17 20 13 12 11 20 16 12 0 

