40 1

1 1 1 1 1 1 1 1 1 1 1 1 1 1 1 1 1 1 1 1 1 1 1 1 1 1 1 1 1 1 1 1 1 1 1 1 1 1 1 1 

0 16 27 19 30 20 31 18 25 29 30 24 37 29 28 24 26 24 20 23 31 25 26 23 40 25 31 32 25 30 30 30 34 9 20 16 39 20 24 25 
13 0 21 13 16 17 18 18 11 13 13 9 23 13 21 12 10 7 3 18 15 10 12 7 23 8 14 15 9 13 14 14 18 16 4 17 23 14 8 8 
16 17 0 18 16 19 4 20 13 15 7 11 23 21 15 17 18 12 8 16 23 12 14 21 28 13 10 9 11 18 16 14 20 21 12 16 31 6 10 13 
10 11 20 0 15 17 14 18 7 26 17 5 22 16 20 11 13 10 12 10 18 6 8 18 26 11 15 14 16 16 6 16 14 15 7 4 26 1 19 11 
19 18 20 21 0 24 9 25 14 20 12 12 7 21 13 18 18 15 17 21 23 13 15 10 31 16 14 14 12 21 17 17 15 16 12 17 31 6 11 16 
10 18 24 16 13 0 22 18 14 40 16 12 20 30 8 10 27 10 6 23 17 13 15 24 26 5 17 18 20 10 25 17 24 14 21 20 40 17 19 11 
12 13 11 17 12 15 0 16 9 11 3 7 19 17 11 13 14 19 15 12 19 8 10 17 29 14 6 5 7 12 12 10 16 17 8 12 27 18 6 14 
12 12 9 1 15 13 13 0 8 27 12 6 22 17 20 6 14 6 2 5 19 7 9 19 22 7 13 14 13 12 7 13 15 10 8 5 27 2 15 7 
14 22 13 12 17 13 17 18 0 29 12 16 24 19 13 5 16 23 19 21 21 17 1 19 22 18 8 7 12 14 17 12 28 9 10 16 29 11 15 7 
3 5 14 6 6 4 13 5 6 0 16 10 13 18 12 8 15 11 7 10 20 5 7 8 27 9 18 18 10 14 15 1 5 12 9 10 28 7 9 12 
9 10 8 16 9 17 12 24 6 24 0 4 16 14 8 10 11 16 12 9 16 5 7 14 26 11 3 2 4 9 9 7 13 14 5 9 24 14 3 11 
13 6 10 14 10 15 9 20 2 29 12 0 17 19 20 7 16 12 8 24 21 1 3 13 24 7 15 14 15 12 20 11 9 11 10 18 29 15 14 9 
12 15 13 14 6 17 2 18 11 13 5 9 0 19 6 11 16 21 17 14 15 10 12 17 24 16 8 7 9 14 14 10 8 9 10 18 29 12 8 9 
13 15 24 16 16 14 23 15 16 10 26 20 23 0 22 10 25 21 17 9 30 15 17 18 37 19 29 28 17 24 5 11 15 14 19 20 38 17 19 22 
12 18 16 8 13 9 20 13 14 32 8 12 20 22 0 12 19 19 15 21 9 13 15 22 18 14 11 10 12 10 17 15 16 16 13 12 32 9 11 3 
9 22 22 14 21 15 26 13 18 40 25 16 28 30 23 0 27 19 15 16 17 17 19 14 35 20 28 27 7 25 12 7 24 4 21 12 40 15 15 20 
11 24 24 16 13 17 22 15 20 20 25 18 20 22 26 2 0 21 17 12 5 19 21 16 37 22 28 27 3 27 8 9 12 6 13 8 32 17 17 22 
6 16 14 6 9 7 18 8 12 30 6 10 16 20 14 8 17 0 2 13 22 11 13 20 16 1 9 8 10 6 15 13 29 12 11 10 30 7 9 1 
10 20 18 10 13 11 22 12 16 34 10 14 20 24 18 12 21 4 0 17 26 15 17 24 20 5 13 12 14 10 19 17 33 16 15 14 34 11 13 5 
10 23 23 15 22 16 27 14 19 32 26 17 29 22 24 1 19 20 16 0 18 18 20 15 36 21 29 28 8 26 13 8 25 5 13 13 32 7 16 21 
11 20 28 21 8 19 17 20 20 15 20 18 15 17 21 10 14 26 22 15 0 19 21 16 39 24 23 22 6 23 11 9 7 14 8 11 27 14 17 24 
18 5 19 18 21 9 8 20 1 28 11 14 28 18 19 6 15 12 8 23 20 0 2 12 28 13 14 13 14 18 19 18 27 10 9 22 28 19 13 13 
15 21 19 11 16 12 23 31 17 26 11 15 23 16 19 15 13 22 18 20 18 16 0 25 21 17 14 13 15 13 20 18 25 19 7 15 26 12 14 6 
15 8 22 13 7 12 11 12 4 31 14 2 14 21 20 9 18 14 10 11 12 3 5 0 30 9 17 16 2 7 7 13 11 13 12 7 31 14 1 15 
14 16 22 14 17 15 26 16 17 11 14 18 24 19 6 18 16 13 9 21 15 16 18 19 0 14 17 16 18 19 23 12 16 22 10 18 29 4 17 9 
5 13 19 11 8 12 17 13 9 35 11 7 15 25 19 7 22 5 1 18 27 8 10 20 21 0 14 13 15 5 20 18 23 11 16 15 35 12 14 6 
20 11 27 19 22 20 31 21 22 24 19 20 29 24 27 11 9 13 9 21 14 21 23 18 29 14 0 21 12 19 17 18 21 15 15 17 34 20 19 14 
7 12 6 14 19 15 10 27 16 22 13 14 26 12 6 11 9 19 15 21 14 15 17 12 24 20 1 0 14 19 17 5 21 15 3 18 22 12 13 9 
11 30 27 24 18 29 27 23 14 25 26 26 25 33 27 10 11 29 25 9 10 27 15 24 36 30 22 21 0 35 5 17 17 14 24 5 43 16 25 21 
11 24 9 16 3 27 12 15 20 23 15 18 10 29 16 2 16 21 17 18 21 19 21 16 34 22 7 17 9 0 14 9 18 6 20 14 39 9 17 19 
14 27 30 19 10 20 19 18 23 30 22 21 17 36 23 5 23 24 20 4 22 22 24 19 40 25 25 24 12 30 0 12 29 9 27 17 46 16 20 25 
2 15 29 21 14 19 18 20 11 38 21 9 21 28 27 16 25 21 17 18 19 10 12 7 37 16 24 23 9 14 14 0 18 11 19 14 38 22 8 22 
4 17 21 17 1 25 10 16 13 21 13 11 8 27 14 3 14 22 18 20 19 12 14 9 32 23 16 15 11 16 16 2 0 7 18 16 37 7 10 17 
21 18 18 10 17 11 22 9 14 36 21 12 24 26 19 15 23 15 11 14 28 13 15 10 31 16 24 23 12 21 17 23 21 0 17 14 36 11 11 16 
22 23 21 25 19 23 25 24 19 19 13 17 26 9 21 8 6 30 26 18 11 18 20 27 39 28 16 15 9 22 14 20 18 12 0 14 19 26 16 24 
6 27 25 21 25 12 14 30 9 25 17 21 32 31 25 14 18 22 18 26 23 22 10 31 31 17 20 19 21 22 26 24 30 18 22 0 41 11 20 16 
14 24 22 14 17 15 26 16 20 20 14 18 24 10 22 12 13 8 4 11 12 19 21 28 24 9 17 16 2 14 7 21 19 16 19 7 0 15 17 9 
15 25 23 15 18 16 27 17 21 25 15 19 25 15 23 14 12 9 11 24 17 20 22 29 25 10 18 17 15 15 20 22 24 18 6 19 25 0 18 10 
14 7 21 19 6 11 10 21 3 30 13 1 13 20 19 8 17 13 9 10 11 2 4 14 29 8 16 15 1 6 6 12 10 12 11 6 30 12 0 14 
14 15 13 5 10 6 17 24 11 29 5 9 17 19 13 9 16 16 12 14 21 10 12 19 15 11 8 7 9 7 14 12 28 13 10 9 29 6 8 0 

