40 1

1 1 1 1 1 1 1 1 1 1 1 1 1 1 1 1 1 1 1 1 1 1 1 1 1 1 1 1 1 1 1 1 1 1 1 1 1 1 1 1 

0 14 14 14 13 8 11 15 7 8 16 17 17 10 12 9 14 6 12 25 9 10 8 11 9 10 9 9 7 12 10 5 15 8 16 6 2 14 15 14 
13 0 19 25 18 19 16 18 18 13 17 28 22 11 23 14 25 17 17 26 16 11 15 16 12 23 10 16 8 17 15 15 16 11 21 13 15 19 20 21 
17 11 0 10 10 18 12 14 17 16 23 26 18 6 22 17 20 16 13 32 19 17 21 21 15 29 16 19 14 13 11 18 22 17 26 19 19 15 16 17 
14 12 3 0 11 12 9 11 11 6 20 23 15 9 16 7 13 18 10 29 9 14 18 23 5 26 13 16 11 10 8 8 19 12 19 16 16 12 13 14 
9 1 9 14 0 8 12 14 7 9 13 16 8 7 12 10 10 6 3 22 9 7 11 11 8 19 6 9 4 13 1 11 12 7 16 9 11 5 6 7 
12 11 9 6 14 0 12 15 7 10 16 17 11 12 4 10 6 6 11 32 9 10 21 11 9 20 9 12 14 13 11 11 22 8 16 19 14 8 9 6 
5 14 3 12 18 6 0 21 13 13 13 23 17 9 10 14 12 12 17 21 14 15 13 17 15 15 14 14 12 1 15 10 11 14 22 11 7 14 15 12 
9 13 13 16 12 10 10 0 12 7 21 24 16 15 14 8 16 16 11 30 10 15 17 21 6 16 14 18 12 11 9 3 20 13 20 17 8 13 14 15 
5 9 9 7 8 1 6 8 0 3 9 18 12 11 5 4 7 7 7 26 6 3 13 12 2 15 2 14 8 7 5 5 16 1 17 13 7 9 10 7 
11 16 8 17 15 11 5 20 15 0 21 26 18 14 15 11 17 17 10 32 11 9 10 22 14 21 14 11 14 6 11 12 22 13 27 19 13 15 16 16 
10 13 13 12 12 6 10 13 5 8 0 15 16 10 10 8 12 4 11 30 7 8 19 9 7 18 7 6 12 11 9 9 20 6 14 17 12 13 14 12 
4 10 6 16 9 10 7 9 9 4 8 0 13 12 14 5 16 12 8 27 7 2 12 17 3 3 1 13 9 8 6 6 17 2 22 14 6 10 11 1 
14 12 12 11 11 13 9 20 12 15 20 22 0 14 9 7 11 11 10 29 6 14 18 16 14 12 13 16 11 10 8 8 19 13 21 16 16 12 13 14 
16 13 14 18 19 20 17 8 19 14 20 21 10 0 24 15 15 24 13 33 17 14 22 23 13 24 13 14 15 18 12 11 23 12 17 20 18 10 11 18 
8 11 5 2 10 4 8 11 3 6 12 13 14 8 0 6 2 2 9 28 5 6 17 7 5 16 5 15 10 9 7 7 18 4 12 15 10 11 12 10 
7 5 5 11 4 5 2 12 4 7 13 16 8 7 9 0 11 11 3 22 2 7 11 16 6 19 6 9 4 3 1 1 12 5 12 9 9 5 6 7 
10 15 6 3 14 15 12 14 14 9 23 26 18 12 19 10 0 16 13 18 12 17 18 21 8 20 16 19 14 13 11 11 22 15 26 19 12 15 16 17 
6 9 9 8 8 2 6 9 1 4 10 11 12 6 6 4 8 0 7 26 3 4 15 5 3 14 3 13 8 7 5 5 16 2 10 13 8 9 10 8 
7 8 9 13 12 13 10 12 12 7 11 16 8 7 17 8 10 13 0 22 10 5 11 12 6 19 4 9 4 11 1 9 12 5 17 9 9 5 6 7 
9 15 15 21 14 15 12 14 14 9 13 26 10 17 19 10 21 17 13 0 12 7 17 22 8 19 6 18 14 13 11 11 22 7 27 19 11 15 16 17 
8 6 6 12 5 6 3 13 5 8 14 17 9 8 10 1 12 12 4 23 0 8 12 17 7 20 7 10 5 4 2 2 13 6 13 10 10 6 7 8 
2 16 14 16 15 10 11 15 9 6 14 19 19 8 14 11 16 8 14 23 11 0 10 13 9 12 7 11 5 12 12 7 13 8 18 10 4 16 17 16 
7 6 6 12 5 6 3 10 5 5 11 17 9 8 10 1 12 12 4 23 1 5 0 17 4 20 4 1 5 4 2 2 13 3 13 10 9 6 7 6 
13 11 11 17 10 11 8 18 10 4 19 22 14 13 15 6 17 17 9 28 8 13 17 0 12 25 12 15 10 9 7 6 18 11 5 15 15 11 12 13 
9 7 7 13 6 7 4 6 6 1 15 18 10 9 11 2 13 13 5 24 4 9 13 18 0 21 8 11 6 5 3 3 14 7 14 11 11 7 8 9 
17 22 14 23 21 17 11 26 21 6 27 32 24 20 21 17 23 23 16 38 17 15 16 28 20 0 20 17 20 12 17 18 28 19 33 25 19 21 22 6 
3 9 9 15 8 9 6 8 8 3 7 20 12 11 13 4 15 11 7 26 6 1 11 16 2 13 0 12 8 7 5 5 16 1 21 13 5 9 10 11 
6 10 10 16 9 10 7 9 9 4 10 21 13 12 14 5 16 16 8 27 7 4 14 21 3 16 3 0 9 8 6 6 17 2 17 14 8 10 11 12 
5 11 11 17 10 11 8 10 10 5 9 20 14 3 15 6 17 9 9 18 8 3 7 8 4 15 2 8 0 9 7 7 8 3 13 5 7 11 12 13 
4 18 15 12 17 6 15 20 12 12 20 22 21 14 10 13 12 11 16 20 13 14 12 16 14 14 13 13 11 0 14 9 10 13 21 10 6 18 19 12 
8 7 8 12 13 14 11 13 13 8 12 15 7 6 18 9 9 12 2 21 11 6 10 11 7 18 5 8 3 12 0 10 11 6 16 8 10 4 5 6 
6 17 15 13 16 7 12 8 14 7 23 24 20 19 11 12 13 13 15 34 14 17 14 18 16 16 16 15 16 13 13 0 24 15 11 12 8 17 18 13 
7 10 10 9 9 3 7 10 2 5 11 12 13 7 7 5 9 1 8 10 4 5 16 6 4 15 4 2 9 8 6 6 0 3 11 14 9 10 11 9 
4 8 8 14 7 8 5 7 7 2 8 19 11 10 12 3 14 14 6 25 5 2 14 19 1 14 1 12 7 6 4 4 15 0 15 12 6 8 9 10 
10 6 6 12 5 6 3 13 5 8 14 17 9 8 10 1 12 12 4 23 3 8 12 17 7 20 7 10 5 4 2 1 13 6 0 10 12 6 7 8 
9 8 8 14 7 8 5 12 7 2 13 19 11 10 12 3 14 14 6 25 3 7 2 19 6 22 6 3 7 6 4 4 15 5 15 0 11 8 9 8 
10 9 16 22 8 16 13 15 15 10 14 24 16 8 20 11 18 14 11 23 13 8 12 13 9 8 7 13 5 14 9 12 13 8 18 10 0 13 14 14 
6 3 4 8 9 10 7 9 9 4 10 11 3 8 14 5 5 14 3 23 7 4 12 13 3 14 3 4 5 8 2 6 13 2 7 10 8 0 1 8 
5 2 9 7 8 9 6 8 8 3 9 18 10 9 13 4 4 15 2 24 6 3 13 20 2 15 2 3 6 7 3 5 14 1 14 11 7 7 0 9 
9 23 23 23 22 17 20 24 16 17 25 26 11 19 21 18 23 15 21 34 18 19 17 20 18 19 18 18 16 21 19 14 24 17 25 15 11 23 24 0 

