40 1

1 1 1 1 1 1 1 1 1 1 1 1 1 1 1 1 1 1 1 1 1 1 1 1 1 1 1 1 1 1 1 1 1 1 1 1 1 1 1 1 

0 20 19 8 17 13 18 24 20 18 6 15 21 18 10 22 25 1 14 10 24 7 14 31 13 14 14 28 15 20 19 12 18 8 13 14 5 22 9 14 
33 0 21 21 23 10 31 37 40 15 26 28 25 30 23 24 31 14 12 23 18 24 31 28 26 47 14 36 19 33 32 27 18 40 26 20 18 28 22 29 
20 18 0 22 19 11 32 35 36 30 22 35 26 32 30 25 45 15 13 13 19 27 34 43 27 34 34 39 20 40 43 28 19 28 27 34 19 41 23 30 
9 12 13 0 9 15 27 33 26 10 12 24 21 10 13 15 28 10 7 2 27 16 23 23 22 23 17 22 15 29 22 6 12 17 5 17 14 14 1 8 
19 17 14 21 0 10 31 23 17 18 3 21 14 31 16 19 24 14 12 12 18 26 33 31 26 33 33 27 19 26 24 20 18 27 25 13 18 29 11 9 
20 7 11 11 13 0 21 24 30 19 16 22 15 21 17 14 32 4 2 13 8 14 21 32 16 34 34 28 9 20 26 17 8 28 16 21 8 30 12 19 
25 2 15 23 18 12 0 17 31 17 17 20 13 25 15 19 30 14 14 25 20 22 29 30 26 39 27 12 21 13 24 19 21 32 24 19 18 23 24 10 
14 14 15 9 11 7 26 0 23 13 9 3 9 8 15 2 30 9 9 11 18 21 14 26 21 28 10 4 16 8 13 8 4 21 7 19 13 6 10 10 
8 15 15 13 15 8 26 13 0 13 14 4 9 16 15 2 30 9 10 10 12 15 22 26 21 22 21 17 13 9 7 12 17 15 11 19 13 19 9 10 
18 13 29 19 19 25 16 36 36 0 22 27 30 29 15 38 30 10 8 21 29 25 32 13 22 32 23 28 24 32 24 25 14 26 24 19 14 42 20 27 
16 14 11 18 15 7 28 20 14 15 0 18 11 28 13 16 21 11 9 9 15 23 30 28 23 30 30 24 16 23 21 17 15 24 22 10 15 26 8 6 
11 14 15 9 11 11 23 9 28 12 14 0 22 12 15 11 30 6 9 11 15 18 25 25 18 25 24 13 16 5 10 8 13 18 7 19 10 15 10 10 
22 18 13 13 15 16 20 9 32 4 18 12 0 17 13 11 28 15 13 15 27 29 23 17 27 36 19 13 25 17 22 6 13 20 11 17 19 15 14 8 
15 18 16 6 15 12 29 15 19 11 5 17 7 0 12 17 27 12 13 8 20 9 16 24 24 29 29 19 21 11 26 12 19 23 11 16 16 21 7 11 
10 17 17 17 14 10 24 21 31 25 17 12 21 27 0 23 15 7 12 8 14 17 24 38 19 24 13 25 15 17 9 23 18 17 22 4 11 27 18 12 
15 25 20 20 14 23 27 16 31 11 17 12 7 24 20 0 35 16 20 8 34 22 29 24 28 29 29 20 30 17 29 13 20 23 18 24 20 22 7 15 
21 17 11 12 14 10 26 30 31 15 17 28 18 11 18 20 0 9 12 14 18 20 27 28 21 35 25 17 19 26 27 11 17 19 10 22 13 9 13 13 
18 19 19 9 18 24 17 29 35 19 21 32 20 19 22 24 37 0 13 11 36 25 32 32 12 32 26 33 14 25 31 15 17 26 14 26 4 23 10 17 
20 5 21 11 11 21 19 29 28 21 14 20 22 21 15 25 30 2 0 13 29 12 19 34 14 34 28 33 16 25 24 17 6 28 16 19 6 25 12 19 
7 23 20 15 6 16 25 31 23 24 9 22 20 25 17 25 32 8 18 0 24 14 21 37 20 21 21 35 22 27 30 21 25 15 20 21 12 29 16 15 
12 15 3 3 12 22 30 16 29 11 15 19 7 13 16 18 31 13 10 5 0 19 26 24 25 26 26 20 1 12 25 9 15 20 8 20 17 22 4 11 
10 13 14 1 10 13 28 17 27 11 13 8 18 11 3 13 18 11 8 3 17 0 7 24 23 24 24 21 18 13 12 7 13 18 6 7 15 15 2 9 
12 17 19 5 14 12 24 10 31 17 17 1 13 15 18 6 33 7 12 7 16 19 0 30 19 26 25 14 17 6 11 11 14 19 10 22 11 16 6 13 
5 19 19 13 16 12 23 23 25 23 11 14 23 23 2 25 17 6 14 10 16 12 19 0 18 19 10 27 17 19 11 19 27 13 18 6 10 29 14 14 
9 7 7 4 13 23 5 17 30 12 16 20 8 14 19 19 17 3 1 2 21 16 23 25 0 23 23 21 2 13 28 10 5 17 9 23 7 23 1 12 
15 7 22 12 12 19 5 23 29 22 15 14 23 22 9 25 17 3 1 8 23 13 20 35 15 0 29 17 17 19 18 18 7 23 17 6 7 29 7 20 
17 12 11 15 19 15 26 23 36 23 22 14 19 16 9 25 17 9 7 10 12 24 31 36 21 31 0 22 13 19 18 16 13 25 15 6 13 14 16 18 
24 19 7 15 6 12 28 20 19 12 5 11 16 25 18 16 26 16 14 17 20 23 10 25 28 38 30 0 21 16 26 21 7 32 20 15 20 26 16 11 
11 14 5 2 11 21 29 15 28 10 14 18 6 12 15 17 30 12 9 4 19 18 25 23 24 25 25 19 0 11 24 8 14 19 7 19 16 21 3 10 
18 18 19 10 15 11 18 4 22 17 8 7 13 12 19 6 34 1 13 12 22 25 18 30 13 32 14 8 15 0 17 12 8 25 11 23 5 10 11 14 
1 8 8 8 5 1 19 21 22 16 8 16 12 18 8 23 23 2 3 10 5 8 15 29 14 15 14 25 6 21 0 14 9 8 13 12 6 27 9 3 
16 12 7 7 9 17 26 28 26 10 12 19 21 10 7 9 22 9 7 9 21 23 30 23 21 30 11 13 15 24 16 0 6 14 5 11 13 21 8 2 
24 22 19 17 5 15 36 35 22 20 8 26 30 20 21 24 29 19 17 17 23 31 38 33 31 38 27 29 24 31 29 16 0 32 15 18 23 41 16 14 
23 18 26 17 22 18 25 11 29 24 15 14 20 19 15 13 23 8 13 16 29 30 25 37 20 37 6 15 22 7 24 19 15 0 18 12 12 17 18 21 
11 7 8 2 4 14 21 20 21 5 7 23 16 5 8 10 23 4 2 4 12 18 25 18 16 25 15 14 10 16 17 1 7 9 0 12 8 26 3 3 
11 20 16 13 10 13 20 17 27 21 13 8 17 23 3 19 11 3 15 4 17 18 25 34 15 25 16 21 11 13 12 19 21 19 18 0 7 23 14 15 
14 17 18 5 14 20 32 31 31 15 17 29 22 15 18 20 33 15 12 7 32 21 28 28 27 28 22 27 29 34 27 11 17 22 10 22 0 19 6 13 
12 8 9 3 5 1 22 21 22 6 8 19 9 2 9 11 24 5 3 5 9 11 18 19 17 26 16 8 10 17 18 2 8 10 1 13 9 0 4 4 
8 24 21 16 7 17 26 32 24 25 10 23 21 26 18 26 33 9 19 1 25 15 22 38 21 22 22 36 23 28 31 22 12 16 21 22 13 38 0 16 
15 22 5 13 22 15 29 26 35 23 21 17 26 23 5 25 20 12 17 15 19 12 19 36 24 29 18 30 20 22 14 19 23 22 18 9 16 32 14 0 

