40 1

1 1 1 1 1 1 1 1 1 1 1 1 1 1 1 1 1 1 1 1 1 1 1 1 1 1 1 1 1 1 1 1 1 1 1 1 1 1 1 1 

0 7 12 30 12 16 16 21 12 23 31 20 19 24 10 24 18 17 14 14 21 20 22 25 16 15 14 24 4 11 21 21 8 19 14 20 8 12 19 18 
17 0 5 19 5 9 9 16 9 15 24 13 15 15 3 19 11 10 12 11 14 17 15 18 13 9 12 17 21 11 18 20 14 10 7 8 18 17 12 18 
16 12 0 22 15 14 5 15 4 15 31 8 11 8 13 14 6 17 16 6 21 12 14 25 8 15 13 23 14 13 13 13 10 11 19 19 14 12 8 18 
9 10 14 0 10 3 14 8 13 8 26 9 9 15 12 11 10 12 6 10 16 5 7 20 17 12 12 27 13 8 6 20 9 10 12 18 12 6 17 11 
12 16 17 32 0 21 14 11 17 18 29 12 16 18 15 14 13 15 14 19 19 25 10 23 21 15 15 33 16 11 13 23 16 13 23 21 15 19 17 21 
12 7 12 15 12 0 16 11 16 18 31 13 8 18 10 14 13 17 3 7 21 20 11 25 20 15 15 24 16 12 14 23 17 13 14 21 15 13 19 21 
19 12 17 27 11 21 0 18 9 20 26 12 6 21 15 21 17 12 11 11 16 17 19 20 13 12 11 28 23 8 18 18 5 16 19 17 9 13 3 15 
1 5 6 21 6 10 8 0 6 7 24 4 14 7 4 3 2 10 9 8 14 14 13 18 10 4 4 22 5 6 12 12 6 2 12 10 4 8 11 10 
12 8 11 10 11 13 17 11 0 11 29 12 12 12 9 14 13 15 14 2 19 8 10 23 4 15 9 19 10 11 9 17 12 7 15 15 7 11 12 14 
13 16 13 23 7 25 18 15 14 0 26 16 16 9 15 18 17 12 16 8 16 22 14 20 18 19 15 25 17 13 13 14 10 13 23 21 7 11 21 3 
12 5 10 20 10 14 14 11 14 13 0 12 14 18 8 14 10 15 7 11 19 10 12 23 18 11 4 22 1 13 11 11 14 13 12 10 2 6 17 16 
21 6 11 23 11 15 15 20 15 26 30 0 21 9 9 23 17 16 18 17 20 23 21 24 19 15 18 23 25 17 24 14 20 22 13 14 24 17 18 29 
17 11 14 29 5 20 15 16 14 15 31 17 0 15 12 10 18 17 16 5 21 22 15 25 18 11 12 22 13 13 18 20 14 10 18 18 10 14 18 18 
12 10 15 14 15 17 19 11 15 18 34 15 11 0 13 14 13 20 17 17 24 19 21 28 19 15 9 27 16 14 20 5 11 13 17 15 15 8 22 21 
14 18 2 24 2 16 7 13 6 17 29 10 13 10 0 16 8 15 14 8 19 14 12 15 10 9 17 25 18 11 15 15 12 15 21 8 16 14 10 20 
10 10 12 19 5 19 5 9 9 16 21 13 11 16 13 0 11 7 6 11 11 17 15 15 13 1 13 27 14 3 18 21 10 11 17 19 13 17 8 6 
20 8 13 25 13 8 13 22 17 25 29 2 16 11 11 8 0 15 11 15 19 25 23 23 21 9 22 25 24 11 26 16 18 20 15 16 22 19 16 14 
16 11 5 19 16 20 10 20 9 20 14 13 12 15 14 15 11 0 7 11 4 17 19 8 13 16 18 28 12 4 18 20 15 16 18 24 16 23 13 11 
9 4 9 12 9 13 13 18 13 14 28 17 5 14 7 21 15 14 0 4 18 17 19 22 17 13 11 21 13 15 18 19 13 9 11 17 9 13 16 17 
15 6 9 24 9 15 15 14 9 10 30 15 18 10 7 17 13 16 15 0 20 17 16 24 13 14 7 17 8 12 15 15 9 5 13 13 5 9 18 13 
17 7 1 15 12 16 6 16 5 16 10 9 12 11 10 11 7 17 17 7 0 13 15 4 9 12 14 24 8 14 14 16 11 12 14 20 12 19 9 19 
4 5 9 24 5 9 9 3 8 3 21 4 4 10 7 6 5 7 6 10 11 0 2 15 12 7 7 22 8 3 1 15 4 5 7 13 7 11 12 6 
2 6 7 22 7 11 9 1 7 8 19 2 6 8 5 4 3 5 4 9 9 15 0 13 11 5 5 23 6 1 3 13 6 3 13 11 5 9 12 11 
19 17 19 21 12 24 12 18 16 27 28 22 18 7 20 7 20 14 13 18 18 24 26 0 20 8 16 34 23 10 25 12 17 20 24 22 21 15 15 13 
8 9 13 28 9 13 13 7 12 7 25 8 8 14 11 10 9 11 10 14 15 4 6 19 0 11 11 26 12 7 5 19 8 9 11 17 11 15 8 10 
9 9 11 18 14 18 4 8 8 15 20 12 10 15 12 11 10 6 5 10 10 16 18 14 12 0 12 26 13 2 17 20 9 10 16 18 12 16 7 9 
8 1 6 16 6 10 10 7 10 14 25 8 11 14 4 10 6 11 13 12 15 18 9 19 14 7 0 18 12 10 8 7 11 9 8 6 11 10 13 17 
4 8 9 24 9 13 11 3 9 10 27 7 17 10 7 6 5 13 12 11 17 17 19 21 13 7 7 0 8 9 18 15 9 5 15 13 7 11 14 13 
18 13 10 32 18 22 15 25 14 25 30 18 14 18 16 28 16 16 9 13 20 22 24 24 18 27 20 30 0 12 23 23 22 18 20 26 4 8 18 19 
18 7 9 16 12 16 14 17 6 17 18 18 8 18 10 20 19 4 3 8 8 14 16 12 10 21 15 24 19 0 15 23 18 13 14 21 13 17 17 7 
3 4 8 23 4 13 10 2 7 9 20 3 3 9 6 5 4 6 5 9 10 15 1 14 11 6 6 21 7 2 0 14 3 4 11 12 6 10 13 12 
7 11 6 9 12 12 14 6 10 13 27 10 18 13 10 9 8 13 12 12 17 14 16 21 14 10 10 28 11 9 15 0 6 8 18 16 10 3 17 16 
16 7 12 22 12 16 11 15 4 15 21 14 11 16 10 18 12 7 6 6 11 12 14 15 8 7 6 23 20 3 13 13 0 11 14 12 4 8 14 10 
10 3 4 19 4 12 9 9 4 5 27 10 15 5 2 12 8 13 10 6 17 12 14 21 8 9 2 20 14 7 13 10 4 0 10 8 8 13 12 8 
22 1 6 20 6 2 2 21 10 21 17 14 8 19 4 18 12 3 5 9 7 18 20 11 14 10 13 18 15 7 19 24 7 14 0 9 11 15 5 14 
10 10 12 19 15 19 5 9 9 16 21 13 11 16 13 12 11 7 6 11 11 17 19 15 13 1 13 27 14 3 18 21 10 11 17 0 13 17 8 10 
14 9 6 28 14 18 11 21 10 21 33 14 10 14 12 24 12 19 5 9 23 18 20 27 14 23 16 26 18 21 19 19 18 14 16 22 0 4 14 24 
30 15 20 32 20 15 20 29 22 23 36 9 23 18 18 15 7 22 18 13 26 30 32 30 26 16 20 30 21 18 31 23 22 18 22 26 18 0 23 21 
16 14 11 25 8 21 16 15 15 15 33 16 3 22 17 18 17 19 10 8 23 12 14 27 19 19 19 25 20 15 13 27 16 17 19 25 5 9 0 18 
10 13 14 29 4 22 19 19 14 15 23 20 20 15 12 22 18 23 15 5 13 22 24 17 18 19 12 22 14 17 23 20 14 10 20 18 10 14 22 0 

