45 1

1 1 1 1 1 1 1 1 1 1 1 1 1 1 1 1 1 1 1 1 1 1 1 1 1 1 1 1 1 1 1 1 1 1 1 1 1 1 1 1 1 1 1 1 1 

0 7 1 9 9 5 14 5 11 4 14 11 4 9 9 3 10 16 10 10 10 7 6 2 15 17 18 18 4 19 16 3 9 23 12 14 7 8 6 11 11 19 12 12 6 
6 0 4 15 10 6 14 13 4 5 15 12 10 2 10 4 14 21 10 8 4 15 7 3 16 23 20 14 10 15 22 6 2 16 18 7 13 1 12 9 7 20 11 8 12 
2 9 0 11 11 4 11 7 10 3 13 10 6 8 8 2 12 15 12 12 10 9 5 1 18 19 18 16 6 13 20 2 11 22 14 16 9 10 8 13 13 18 15 14 8 
4 12 2 0 11 6 13 5 12 5 15 12 8 10 9 4 12 17 9 1 12 7 7 3 16 19 9 18 8 15 7 4 14 24 16 19 9 13 8 2 13 19 12 14 6 
4 8 5 11 0 9 9 3 7 8 11 15 8 7 7 7 10 16 5 1 1 5 10 6 5 17 9 9 8 23 11 7 3 21 16 8 7 9 6 2 2 17 13 3 4 
8 17 6 9 14 0 18 8 8 9 9 16 12 6 4 8 8 15 14 10 8 10 11 7 20 22 18 18 12 19 16 2 7 20 20 12 12 18 11 11 11 14 15 12 9 
5 13 6 14 14 10 0 10 17 7 19 10 9 15 14 8 15 13 10 15 13 12 5 7 20 17 23 23 9 24 21 8 15 29 17 20 7 14 11 16 16 24 4 17 11 
10 10 11 8 6 9 11 0 13 10 17 20 14 12 4 12 7 22 7 7 7 2 15 11 11 14 15 15 14 29 17 11 7 26 22 12 4 11 3 8 8 14 7 9 1 
5 9 6 16 6 10 10 9 0 9 12 16 9 8 13 8 15 17 6 7 7 11 11 7 12 22 15 10 9 24 17 8 11 22 17 16 12 10 11 6 3 23 14 4 10 
3 10 1 13 12 4 8 8 10 0 13 10 7 8 8 2 12 16 13 13 10 10 5 1 10 20 18 16 7 13 20 3 12 22 15 17 10 11 9 14 14 18 12 15 9 
11 16 9 18 20 9 8 17 15 8 0 7 15 13 13 7 17 21 13 19 15 7 10 6 18 28 12 21 15 18 14 11 18 27 20 7 18 17 17 16 18 23 12 19 18 
13 7 11 22 17 13 21 20 11 12 22 0 17 9 17 11 21 28 17 18 11 22 14 10 23 30 27 21 17 22 29 13 9 23 25 14 20 8 19 17 14 27 18 15 21 
12 16 10 13 12 4 17 9 12 13 13 20 0 10 8 12 12 25 13 13 13 6 15 11 11 20 20 18 16 15 22 6 11 24 8 16 10 17 9 14 14 18 13 15 7 
7 11 8 18 8 9 12 11 2 8 21 15 11 0 13 7 17 19 8 9 2 13 10 6 14 24 17 12 11 18 13 10 13 14 19 18 14 12 13 8 5 23 16 6 12 
9 14 7 5 10 11 15 4 17 10 20 17 13 15 0 9 4 26 11 6 11 6 12 8 15 18 14 19 13 20 12 9 3 29 21 8 8 15 7 7 12 10 11 13 5 
4 11 2 11 13 2 9 10 8 1 11 11 8 6 6 0 10 21 14 12 8 12 6 2 11 21 16 14 8 11 18 4 9 20 16 14 11 12 10 13 11 16 13 12 11 
5 12 3 1 12 7 17 6 13 6 16 13 9 11 10 5 0 18 13 2 13 8 8 4 17 20 10 19 9 16 8 5 8 25 17 13 10 13 9 3 14 20 13 15 7 
6 7 4 13 15 4 11 12 11 3 13 10 10 9 8 2 12 0 17 14 11 3 5 1 13 23 18 16 10 13 20 6 9 23 18 14 13 8 12 15 14 18 15 15 13 
9 3 7 18 13 9 4 16 7 8 22 15 13 5 13 7 17 17 0 14 3 18 10 6 19 21 23 17 13 18 14 9 5 19 21 10 11 4 15 13 10 23 8 11 17 
14 14 15 12 10 13 15 4 11 14 18 24 18 9 8 16 11 26 11 0 11 6 19 15 15 18 8 19 18 23 10 15 6 23 16 11 8 15 7 1 12 18 11 13 5 
9 16 7 16 18 7 14 15 13 6 19 13 13 11 11 5 15 26 19 17 0 17 8 4 16 26 21 19 13 16 11 9 14 25 21 19 16 17 15 18 16 21 18 17 16 
16 20 17 23 12 21 21 15 19 20 23 27 20 19 19 19 22 28 17 13 13 0 22 18 17 29 21 21 20 35 23 19 15 33 28 20 19 21 18 14 14 29 25 15 16 
13 12 11 23 22 14 18 18 16 10 23 5 17 14 18 12 22 26 22 23 16 20 0 11 20 30 28 26 17 23 30 13 14 28 25 19 20 13 19 22 19 28 22 20 19 
5 12 3 12 14 3 10 11 9 2 12 9 9 7 7 1 11 22 15 13 9 13 4 0 12 22 17 15 9 12 19 5 10 21 17 15 12 13 11 14 12 17 14 13 12 
7 11 8 14 8 5 12 11 2 11 14 18 11 10 9 10 13 19 8 9 9 13 13 9 0 24 17 12 11 26 19 7 13 24 19 18 14 12 13 8 5 19 16 6 12 
15 10 16 13 11 8 11 5 12 16 19 23 19 10 9 15 12 13 7 1 12 7 18 14 16 0 9 20 19 24 11 10 7 24 17 12 4 11 8 2 13 19 15 14 6 
8 12 6 17 9 10 13 9 3 9 10 16 12 1 13 8 16 20 9 10 3 11 11 7 11 18 0 13 12 15 2 8 14 15 8 19 8 13 12 4 6 23 17 7 10 
9 13 10 16 10 7 14 13 4 10 16 17 13 12 11 9 15 7 10 11 11 10 12 8 2 26 19 0 13 20 21 9 15 26 21 20 16 14 15 10 7 21 18 8 14 
9 9 10 7 5 8 10 8 12 13 16 20 13 11 12 12 6 21 6 6 6 10 15 11 10 13 14 14 0 28 16 10 8 25 21 13 3 10 2 7 7 22 14 8 9 
6 14 4 12 10 4 11 13 7 3 15 13 10 6 8 2 11 10 11 11 8 15 8 4 5 18 5 3 10 0 7 6 11 20 13 16 8 15 7 9 12 18 15 13 5 
11 11 9 18 20 9 12 17 12 8 8 15 15 10 13 7 17 28 8 13 12 19 10 6 18 16 23 21 15 18 0 11 13 24 23 18 6 12 17 8 15 23 16 6 18 
6 13 4 17 15 8 15 11 14 7 17 14 10 12 12 6 16 13 16 12 14 13 9 5 22 11 22 20 10 17 24 0 15 26 18 20 13 14 12 13 17 22 19 18 12 
15 14 13 19 17 16 15 20 18 12 25 22 19 16 20 14 18 35 11 18 14 22 17 13 22 25 30 28 19 25 26 15 0 30 27 5 15 15 14 19 19 30 9 20 21 
14 18 15 21 10 19 19 13 17 18 21 25 18 17 17 17 20 26 15 11 11 15 20 16 15 27 19 19 18 33 21 17 13 0 26 18 17 19 16 12 12 27 23 13 14 
11 11 11 9 7 11 12 1 5 10 22 20 15 13 5 9 8 17 8 8 8 3 15 11 3 15 12 10 15 7 14 5 4 27 0 9 5 12 4 9 9 15 8 10 2 
15 9 13 11 19 15 10 16 13 14 26 21 19 11 19 13 23 23 6 12 9 18 16 12 25 30 20 23 19 24 18 15 11 25 27 0 20 10 19 13 16 29 14 17 17 
12 6 10 15 13 12 7 16 10 11 21 18 16 8 16 10 14 20 3 11 6 18 13 9 18 10 19 24 16 21 21 12 8 22 24 13 0 7 10 12 15 26 11 16 8 
5 12 3 16 9 7 13 12 3 6 15 13 9 1 11 5 15 20 9 10 3 14 8 4 15 22 21 13 9 16 23 5 14 15 17 8 12 0 11 9 6 21 17 7 13 
7 7 8 5 3 6 8 6 10 11 14 18 11 9 10 10 4 19 4 4 4 8 13 9 8 11 12 12 11 26 14 8 6 23 19 11 1 8 0 5 5 20 12 6 7 
19 19 20 17 15 19 20 9 16 19 23 29 23 14 13 21 16 19 16 5 16 11 24 20 14 23 13 12 23 28 15 21 5 28 21 10 13 20 12 0 17 23 16 18 10 
2 6 3 13 11 7 7 7 7 6 9 13 6 5 11 5 12 14 3 8 7 9 8 4 9 19 16 7 6 21 18 5 8 19 14 13 9 7 8 3 0 21 11 1 8 
1 8 2 4 10 6 15 9 12 5 19 12 5 10 10 4 11 17 11 5 11 11 7 3 16 18 13 19 5 20 11 4 10 24 13 15 8 9 7 6 12 0 19 13 10 
6 12 4 10 8 7 13 11 15 3 16 13 10 14 11 5 9 26 9 9 9 13 8 4 13 16 21 19 10 16 17 6 11 28 18 16 6 13 5 10 10 21 0 11 12 
11 5 9 19 12 11 6 11 6 10 25 17 15 4 15 9 18 23 2 7 6 13 12 8 18 25 15 16 15 20 17 11 7 18 23 12 15 6 14 2 9 25 10 0 12 
9 9 10 7 5 8 10 8 12 9 16 19 13 11 12 11 6 21 6 6 6 10 14 10 10 13 14 14 13 28 16 10 8 25 21 13 3 10 2 7 7 22 6 8 0 

