45 1

1 1 1 1 1 1 1 1 1 1 1 1 1 1 1 1 1 1 1 1 1 1 1 1 1 1 1 1 1 1 1 1 1 1 1 1 1 1 1 1 1 1 1 1 1 

0 7 2 3 8 2 10 10 7 14 7 16 11 10 13 13 11 15 10 11 10 9 9 7 10 11 7 6 13 13 6 18 22 8 21 18 6 12 13 14 15 17 9 12 16 
20 0 22 15 16 22 18 18 19 24 27 24 4 19 24 21 19 15 13 22 20 23 20 23 19 20 17 22 13 13 20 29 22 19 14 11 19 20 21 25 24 33 20 23 18 
10 17 0 13 6 12 12 8 7 19 17 14 19 13 19 11 14 14 8 9 15 13 7 5 8 9 5 4 11 12 16 16 20 6 29 26 9 14 12 20 13 15 16 19 14 
8 15 10 0 16 10 13 18 4 12 15 13 19 7 19 21 14 19 13 14 14 17 12 10 13 14 16 9 16 17 14 21 25 11 29 26 3 7 8 20 11 20 15 18 18 
8 15 10 11 0 10 11 2 4 13 15 8 19 7 14 5 12 16 19 13 9 7 15 15 9 10 12 15 12 14 10 20 21 16 23 26 3 13 6 15 14 25 10 13 8 
9 5 11 1 10 0 8 12 5 12 16 14 9 8 11 15 9 13 16 17 8 17 14 13 15 16 9 12 13 11 15 24 22 14 19 16 4 10 11 12 14 23 7 10 18 
14 21 3 12 9 16 0 11 7 14 21 17 6 16 7 14 9 14 8 9 10 8 7 5 8 9 8 4 11 12 12 16 20 6 16 13 12 2 3 8 6 15 9 12 13 
6 13 8 9 11 8 9 0 2 11 13 6 17 5 12 5 10 14 17 11 7 7 15 13 9 10 10 13 10 12 10 18 19 14 21 24 1 11 6 13 14 23 8 11 8 
28 35 25 27 25 30 22 24 0 31 35 30 28 29 29 29 23 26 22 23 27 31 21 19 22 23 25 18 25 26 26 30 34 20 21 18 25 16 17 30 20 29 31 28 27 
9 16 11 10 13 11 10 15 5 0 16 14 21 8 17 18 11 16 10 11 8 15 9 7 10 11 13 6 13 14 15 18 22 8 26 28 4 4 5 18 8 17 16 19 15 
10 17 12 2 13 12 13 12 6 5 0 15 20 9 10 17 14 12 15 10 13 14 8 6 9 10 12 11 12 10 16 17 21 7 20 17 5 9 10 11 13 16 12 9 20 
6 13 8 3 5 8 3 7 5 5 13 0 9 10 6 10 4 8 11 5 1 9 9 8 10 11 4 7 13 6 12 12 22 9 15 16 6 5 6 7 9 18 2 5 13 
19 9 15 11 14 21 17 13 15 21 26 19 0 18 20 18 15 11 22 18 17 20 16 19 17 18 13 18 9 9 23 25 18 15 10 7 14 16 17 21 20 29 16 19 21 
1 8 3 4 11 3 9 13 8 11 8 6 12 0 12 16 10 14 11 12 7 10 10 8 11 12 10 7 5 12 7 19 14 9 22 19 7 11 12 13 15 18 8 11 19 
6 13 8 5 5 8 3 7 5 7 13 13 9 12 0 10 4 8 11 12 3 12 9 8 10 11 4 7 13 6 12 19 22 9 9 16 8 5 6 1 9 18 2 5 13 
7 14 9 10 18 9 16 15 8 11 14 21 18 17 13 0 7 15 17 18 16 2 10 14 4 5 17 13 8 13 5 25 17 11 22 25 13 15 1 10 9 24 15 12 3 
12 11 14 7 11 6 9 8 1 13 19 14 15 13 6 13 0 8 17 10 9 15 8 6 9 10 10 13 12 6 18 17 21 7 16 13 9 11 12 7 14 16 8 5 16 
16 23 18 15 15 18 13 12 14 17 23 18 19 17 10 17 14 0 21 22 13 19 19 18 20 21 14 17 23 10 22 29 32 19 20 17 13 15 16 11 19 28 12 9 20 
9 16 11 9 3 11 12 5 7 11 16 11 22 10 9 8 13 11 0 12 7 10 10 8 6 7 13 16 14 9 7 19 23 9 19 16 6 14 9 10 11 18 11 8 5 
7 14 9 10 3 9 10 5 4 14 14 11 10 10 7 8 11 9 18 0 10 4 7 14 8 9 2 14 11 7 13 7 20 15 16 17 6 12 9 8 13 24 9 6 11 
10 17 12 2 13 12 14 15 6 4 17 15 21 9 21 18 19 23 10 15 0 20 13 11 14 15 17 10 17 21 17 22 26 12 31 28 5 8 9 22 12 21 17 20 15 
16 23 18 19 20 18 23 14 16 20 23 20 27 19 22 9 16 12 20 17 21 0 19 23 13 14 19 22 17 22 14 24 16 20 11 34 15 25 10 19 18 33 22 21 12 
14 18 16 6 10 13 12 12 7 16 21 18 24 13 13 15 7 15 17 14 12 17 0 17 1 2 9 16 4 13 20 21 13 8 22 22 9 14 15 14 6 15 11 14 18 
11 14 4 8 7 9 7 9 8 18 18 15 14 14 15 12 9 14 12 4 14 8 2 0 3 4 6 8 6 12 17 11 15 1 24 21 10 9 10 16 8 10 13 16 15 
13 17 15 12 9 12 15 11 6 19 20 17 21 16 12 14 6 14 23 16 15 16 6 12 0 1 8 19 10 12 19 23 19 7 22 19 12 17 15 13 5 22 14 11 17 
13 20 15 11 19 15 13 21 5 15 20 24 19 18 18 24 12 20 21 19 11 14 5 18 6 0 18 17 9 18 11 26 18 6 16 13 14 15 16 16 4 28 16 19 9 
5 12 7 8 1 7 12 3 2 14 12 9 16 8 15 6 13 17 15 16 10 8 5 12 6 7 0 11 9 15 11 23 18 13 26 23 4 14 7 16 11 22 11 14 9 
13 20 5 9 7 15 8 9 9 15 20 15 15 14 16 12 10 15 4 5 11 9 3 1 4 5 7 0 7 13 11 12 16 2 25 22 10 10 11 17 9 11 14 17 9 
10 17 12 2 10 12 8 12 6 12 17 15 14 9 11 15 9 13 13 10 8 14 7 13 8 9 9 12 0 11 20 17 9 6 20 21 5 10 11 12 13 23 7 10 18 
9 16 11 12 5 11 15 7 6 18 16 13 19 12 12 10 6 2 13 9 14 12 9 10 10 11 4 9 13 0 15 16 22 11 21 26 8 7 8 13 11 20 14 11 13 
2 9 4 5 10 4 12 12 9 6 9 18 13 12 15 15 13 17 12 13 12 3 11 9 12 13 9 8 15 15 0 20 24 10 10 20 8 10 11 16 14 19 11 14 18 
6 13 8 9 2 8 13 4 3 15 13 10 3 9 13 7 7 3 14 15 11 9 6 11 7 8 1 10 10 1 12 0 19 12 13 10 5 8 8 14 12 21 12 15 10 
8 15 10 11 4 10 11 6 5 15 15 12 11 11 8 9 12 10 4 1 11 5 5 15 6 7 3 15 9 8 14 8 0 13 17 18 7 13 10 9 11 25 10 7 12 
15 13 10 7 15 8 7 17 8 17 22 20 17 14 14 20 8 16 15 15 13 17 1 12 2 3 14 11 5 14 14 22 14 0 23 24 10 9 10 15 7 22 12 15 12 
9 16 11 12 14 11 12 3 5 14 16 9 20 8 15 8 13 17 20 14 10 10 18 16 12 13 13 16 13 15 13 21 22 17 0 27 4 14 9 16 17 26 11 14 11 
12 19 8 11 11 14 9 6 8 13 19 12 15 11 12 11 8 8 17 17 9 13 15 13 15 16 10 13 19 12 16 24 28 14 3 0 7 11 12 13 15 23 8 11 14 
5 12 7 8 15 7 13 17 1 9 12 10 16 4 16 20 14 18 15 16 11 14 14 12 15 16 14 11 9 16 11 23 18 13 26 23 0 15 7 17 19 22 12 15 23 
15 11 9 11 9 13 6 11 5 15 22 17 17 16 13 14 7 15 6 7 11 11 5 3 6 7 9 2 9 13 13 14 18 4 22 24 12 0 1 14 4 13 15 12 11 
11 18 13 14 17 13 15 14 7 15 18 20 22 19 12 19 6 14 21 16 15 12 14 12 15 16 16 17 18 12 9 23 27 13 22 19 15 17 0 13 20 22 14 11 22 
15 22 8 17 7 17 5 9 11 19 22 15 11 14 12 12 16 20 13 14 15 14 12 10 13 14 16 9 16 18 17 21 13 11 10 18 10 7 8 0 11 20 14 17 15 
15 19 12 7 11 14 9 13 1 11 22 19 15 14 14 16 8 16 17 15 7 18 1 14 2 3 10 13 5 14 21 22 14 2 25 22 10 11 12 15 0 24 12 15 19 
15 22 5 18 11 17 17 13 12 24 22 19 24 18 25 16 23 21 13 14 20 18 12 10 13 14 10 9 16 22 21 21 25 11 16 13 14 19 17 26 18 0 21 24 19 
4 11 6 3 3 6 1 5 3 5 11 11 7 10 4 8 2 6 9 10 1 10 8 6 9 10 2 5 12 4 13 17 21 7 13 14 6 3 4 5 7 16 0 3 11 
7 14 9 6 6 9 4 3 5 8 14 9 10 8 1 8 5 3 12 13 4 10 11 9 12 13 5 8 15 1 13 20 24 10 11 8 4 6 7 2 10 19 3 0 11 
4 11 6 7 12 6 15 14 7 8 11 20 15 14 12 17 6 14 14 15 15 5 7 11 1 2 11 10 5 12 2 22 14 8 21 22 10 12 13 7 6 21 14 11 0 

