45 1

1 1 1 1 1 1 1 1 1 1 1 1 1 1 1 1 1 1 1 1 1 1 1 1 1 1 1 1 1 1 1 1 1 1 1 1 1 1 1 1 1 1 1 1 1 

0 10 11 11 12 14 12 10 14 8 4 8 11 11 12 1 17 13 16 9 12 9 9 6 16 20 16 11 17 10 12 6 6 9 14 10 8 13 18 10 8 16 10 3 14 
17 0 1 10 11 13 5 8 4 11 5 9 5 10 6 12 18 8 15 8 3 8 8 7 15 6 16 8 17 9 11 13 5 12 4 9 7 14 11 13 7 17 9 10 13 
16 8 0 9 19 12 4 10 3 10 10 13 13 9 14 11 23 11 23 16 12 7 7 12 14 18 18 9 17 8 10 12 4 11 12 8 15 18 10 12 6 16 9 9 13 
11 4 3 0 12 16 7 1 6 10 5 8 9 12 10 11 15 2 11 12 3 7 7 4 14 10 10 9 11 8 10 8 7 6 8 8 11 13 13 7 6 19 9 9 13 
10 7 6 3 0 18 7 4 9 4 8 7 7 15 8 5 18 5 17 10 6 1 10 7 8 12 12 6 13 2 4 7 10 5 11 5 9 12 13 6 9 8 11 7 15 
17 4 5 7 15 0 9 8 8 11 11 14 9 2 10 12 16 9 9 12 7 8 8 5 15 10 17 10 18 9 11 13 9 12 8 9 11 19 15 13 7 21 10 10 14 
15 20 21 19 16 28 0 20 24 14 16 12 17 21 18 16 26 21 27 20 18 17 18 15 24 28 22 20 13 18 21 12 16 10 24 19 19 17 6 11 17 12 21 15 25 
18 3 2 11 14 19 6 0 5 12 10 15 8 11 9 13 23 7 18 11 2 9 9 12 16 9 15 11 16 10 12 14 6 13 7 10 10 20 12 14 8 18 12 11 16 
13 5 6 6 16 9 1 7 0 7 7 10 10 6 11 8 20 8 20 13 9 4 4 9 11 15 15 6 14 5 7 9 1 8 9 5 12 15 7 9 3 13 6 6 10 
6 9 8 9 9 14 9 6 11 0 10 3 3 11 4 7 17 11 13 6 4 9 9 6 16 15 8 8 9 10 12 3 7 1 11 10 5 8 15 2 8 13 7 9 11 
7 11 7 7 8 10 8 8 10 8 0 4 11 12 12 8 13 9 12 5 10 5 5 2 12 16 16 7 17 6 8 10 11 9 10 6 4 9 14 10 4 12 6 7 10 
17 14 13 10 20 25 10 11 16 11 14 0 14 18 15 11 27 12 24 17 13 8 16 16 15 19 19 9 20 9 10 14 13 12 18 8 16 5 16 13 15 15 18 13 22 
12 6 5 6 6 8 9 3 8 10 11 9 0 10 1 11 24 8 10 3 5 7 12 13 14 12 16 12 8 8 10 8 9 7 8 11 2 13 15 8 11 10 4 10 8 
16 9 8 5 17 21 12 6 11 15 10 13 14 0 15 16 20 7 16 17 8 12 12 9 19 15 15 14 16 13 15 13 12 11 13 13 16 18 18 12 11 24 14 14 18 
15 5 4 10 18 20 8 2 7 9 12 12 12 13 0 9 21 9 22 15 4 11 11 10 15 11 17 7 18 9 8 7 8 10 9 6 14 17 14 11 10 20 13 11 17 
13 14 10 10 11 13 11 11 13 7 3 10 10 15 11 0 16 12 15 8 13 8 8 5 15 19 15 10 16 9 11 5 14 8 13 9 7 15 17 9 7 15 9 2 13 
12 3 4 10 14 3 8 11 7 13 5 9 8 5 9 13 0 2 18 11 6 10 10 7 17 9 10 11 11 11 13 15 8 14 7 11 10 14 14 15 9 20 12 12 16 
10 12 10 10 11 13 11 9 13 11 3 7 9 15 7 11 16 0 15 8 11 8 8 5 15 19 8 10 9 9 11 13 14 12 13 9 7 12 17 13 7 15 9 10 13 
16 18 17 14 17 15 14 15 13 15 18 4 18 17 14 15 27 16 0 21 9 12 17 16 19 23 23 13 24 13 14 13 14 11 12 12 20 9 20 12 16 19 8 17 12 
13 10 9 6 3 21 7 7 6 7 7 10 10 5 11 8 20 8 20 0 9 4 10 9 11 15 15 9 16 5 7 9 7 8 5 8 12 15 13 9 9 7 14 6 18 
15 12 11 8 18 18 15 9 14 9 8 12 12 20 13 16 21 5 22 15 0 13 13 10 13 17 13 15 14 7 16 12 15 10 16 14 14 17 21 11 12 20 16 15 20 
9 6 5 2 12 17 9 3 8 3 7 6 6 14 7 10 17 4 16 9 5 0 9 6 7 11 11 11 12 1 12 6 9 4 10 10 8 11 15 5 8 7 10 11 14 
12 9 2 5 11 13 3 6 5 6 3 9 9 11 10 4 16 7 15 8 8 8 0 5 10 14 14 2 15 4 3 5 6 7 13 1 7 14 9 8 7 15 9 2 13 
12 9 5 5 15 12 6 6 8 6 6 9 9 14 10 7 11 7 19 12 8 3 3 0 10 14 14 5 15 4 6 8 9 7 9 4 11 14 12 8 2 10 5 5 9 
15 20 21 19 16 28 21 20 24 14 19 12 17 21 18 16 26 21 27 20 18 17 18 15 0 4 22 20 23 18 21 12 16 10 24 19 19 17 27 11 17 24 21 18 25 
22 19 18 15 25 30 13 16 21 16 17 19 19 21 20 14 30 17 29 22 18 19 19 19 20 0 24 12 25 14 13 19 16 17 23 11 21 24 19 18 18 25 23 16 27 
14 7 6 7 7 5 10 4 9 8 4 11 1 7 2 4 17 9 11 4 6 8 9 6 15 13 0 11 1 9 12 6 10 9 9 10 3 6 16 10 8 11 5 3 9 
16 8 9 9 19 12 1 10 12 10 10 13 13 9 14 11 23 11 23 16 12 7 7 12 14 18 18 0 14 8 10 12 4 11 12 8 15 18 7 12 6 13 9 9 13 
13 14 10 10 11 13 11 11 13 7 3 10 10 15 11 3 16 12 15 8 13 8 8 5 15 9 15 10 0 9 11 5 14 8 13 9 7 5 17 9 7 15 9 2 13 
8 5 4 1 11 16 8 2 7 2 6 5 5 13 6 9 16 3 15 8 4 8 8 5 6 10 10 10 11 0 11 5 8 3 9 9 7 10 14 4 7 20 9 10 13 
12 9 8 5 12 14 3 6 11 6 4 9 9 11 10 1 17 7 16 9 8 9 9 6 10 14 14 2 15 4 0 6 6 7 13 1 8 14 9 8 8 15 10 3 14 
8 12 8 8 11 16 9 9 11 2 9 5 5 13 6 9 14 10 15 8 6 6 6 3 13 17 10 8 11 7 9 0 12 3 13 7 7 10 15 4 5 13 9 8 13 
12 4 5 5 15 8 6 6 8 6 6 9 9 5 10 7 19 7 19 12 8 3 3 8 10 14 14 5 15 4 6 8 0 7 8 4 11 14 12 8 2 10 5 5 9 
5 10 11 9 6 18 11 10 14 4 9 2 7 11 8 6 16 11 17 10 8 7 8 5 14 18 12 10 13 8 11 2 6 0 14 9 9 7 17 1 7 14 11 8 15 
14 6 7 7 17 10 2 8 1 8 8 11 11 7 12 9 21 9 21 14 10 5 5 10 12 16 16 4 15 6 8 11 2 9 0 6 13 16 8 10 4 14 7 7 11 
11 8 7 4 14 19 2 5 10 5 6 8 8 10 9 3 19 6 18 11 7 8 8 8 9 13 13 1 14 3 2 8 5 6 12 0 10 13 8 7 7 14 12 5 16 
10 8 7 4 4 6 8 5 7 8 8 7 11 8 8 9 21 6 8 1 7 5 11 10 12 16 14 10 15 6 8 7 8 5 6 9 0 12 14 6 10 8 2 7 6 
12 9 8 5 15 20 12 6 11 6 10 9 9 17 10 13 20 7 19 12 8 3 12 9 10 14 14 14 15 4 15 9 12 7 13 13 11 0 18 8 11 10 13 14 17 
9 14 15 13 10 22 15 14 18 8 10 6 11 15 12 10 20 15 21 14 12 11 12 9 18 22 16 14 7 12 15 6 10 4 18 13 13 11 0 5 11 6 15 9 19 
9 9 10 8 5 17 10 9 13 3 10 6 6 10 7 10 15 10 16 9 7 6 7 4 13 17 11 9 12 7 10 1 5 4 13 8 8 11 16 0 6 13 10 9 14 
10 7 3 3 13 10 4 4 6 4 4 7 7 12 8 5 17 5 17 10 6 1 1 6 8 12 12 3 13 2 4 7 7 5 7 2 9 12 10 6 0 8 3 3 7 
22 11 10 15 12 26 14 8 13 16 16 19 19 14 6 17 29 17 29 9 10 13 17 18 20 17 24 18 25 14 16 19 14 17 15 17 21 9 20 18 16 0 19 19 23 
8 11 10 11 9 7 6 8 5 7 12 5 10 9 6 9 19 13 20 13 10 9 9 8 16 20 15 8 16 10 12 5 6 3 4 10 12 10 12 4 8 18 0 11 4 
11 12 8 8 9 11 9 9 11 5 1 8 8 13 9 10 14 10 13 6 11 6 6 3 13 17 13 8 14 7 9 3 12 6 11 7 5 13 15 7 5 13 7 0 11 
9 7 6 12 12 3 10 4 9 3 13 6 6 5 2 10 20 11 16 9 6 12 12 9 17 13 11 9 12 11 10 6 10 4 11 8 8 11 16 5 11 22 10 12 0 

