45 1

1 1 1 1 1 1 1 1 1 1 1 1 1 1 1 1 1 1 1 1 1 1 1 1 1 1 1 1 1 1 1 1 1 1 1 1 1 1 1 1 1 1 1 1 1 

0 10 7 5 3 15 10 11 6 7 15 8 13 18 4 8 22 14 9 8 13 7 6 9 12 9 10 14 17 9 9 7 8 8 10 13 19 10 15 6 9 11 5 6 6 
8 0 13 6 11 18 10 11 14 12 16 9 5 19 9 13 14 17 9 14 9 12 9 10 12 1 13 6 10 14 10 13 8 9 11 13 20 11 13 7 15 12 10 7 11 
18 19 0 14 12 24 19 20 15 16 24 17 17 27 13 17 26 23 18 22 22 16 15 18 21 13 19 18 26 18 18 21 17 17 19 22 28 13 24 15 23 20 14 15 15 
8 11 7 0 10 14 8 13 13 8 10 3 9 13 11 7 24 9 8 8 12 6 10 4 12 11 9 16 24 8 4 7 15 3 5 20 14 5 14 1 9 6 6 1 7 
6 7 4 2 0 12 7 8 3 4 12 5 10 15 1 5 19 11 6 10 10 4 3 6 9 6 7 11 14 6 6 9 5 5 7 10 16 7 12 3 11 8 2 3 3 
9 12 8 13 11 0 9 14 14 9 11 4 10 17 12 8 25 14 9 9 13 7 11 5 13 12 10 17 25 9 5 8 16 7 9 21 15 6 15 11 10 10 7 2 8 
11 7 9 13 13 17 0 10 9 4 15 16 12 12 14 10 21 16 6 5 15 17 6 17 8 8 12 13 20 19 6 15 11 8 4 16 19 18 17 6 6 3 2 14 3 
9 10 8 5 3 7 10 0 6 6 13 4 7 10 4 8 19 6 9 5 5 7 3 9 12 6 2 11 17 9 5 12 8 8 2 13 12 10 7 6 6 3 5 6 6 
5 11 9 6 4 12 4 5 0 8 18 9 12 15 5 9 23 11 10 10 10 8 7 10 6 10 7 15 11 10 10 9 2 9 7 7 17 11 14 7 11 8 6 7 7 
15 16 7 11 17 21 13 14 16 0 17 14 21 14 10 14 19 20 10 9 14 15 17 15 15 17 16 22 20 17 4 11 11 4 6 16 21 16 12 2 10 7 11 12 12 
8 7 9 6 11 16 13 9 9 4 0 9 5 11 1 7 14 15 8 14 14 6 6 10 8 1 11 6 20 8 6 13 11 9 11 16 4 11 16 7 15 12 2 7 3 
12 12 4 12 14 18 5 11 17 9 14 0 11 11 15 11 20 17 7 6 11 10 14 8 12 7 13 12 17 12 1 11 8 10 3 13 18 9 9 11 7 4 7 5 8 
13 10 12 9 7 11 14 4 10 7 17 8 0 14 4 12 24 10 13 9 9 11 7 13 11 11 6 16 21 13 9 16 12 12 6 17 16 14 11 10 10 7 5 10 6 
11 10 12 9 11 15 18 8 14 7 3 12 8 0 4 10 17 14 11 3 13 9 11 13 11 4 10 9 20 11 9 12 16 5 7 21 7 14 15 10 4 8 5 10 6 
7 6 8 11 9 13 10 11 6 3 20 14 11 17 0 6 20 12 7 12 11 5 5 15 7 7 8 12 17 7 5 14 8 7 9 13 18 16 13 5 13 10 1 12 2 
1 11 8 6 4 16 11 12 7 4 16 9 10 19 5 0 23 15 1 9 14 8 7 10 13 10 11 15 18 10 10 8 9 9 11 14 20 11 16 7 10 12 6 7 7 
11 10 12 15 13 17 4 15 10 7 24 8 15 21 4 10 0 16 11 9 15 9 9 19 11 11 12 16 21 11 9 18 12 11 13 17 22 20 17 9 10 7 5 16 6 
14 11 13 10 8 12 15 5 11 5 8 9 1 15 5 13 22 0 2 10 10 12 8 14 12 9 7 14 22 14 10 17 13 9 7 18 6 15 12 7 11 8 6 11 7 
15 16 10 11 9 20 16 13 12 3 20 14 9 17 10 14 12 19 0 12 18 13 12 15 18 15 15 20 23 15 7 14 14 7 9 19 24 16 20 5 13 10 11 12 12 
14 11 13 10 8 12 15 5 11 8 14 9 12 11 9 13 10 11 7 0 10 12 8 14 12 12 7 17 22 14 10 17 13 13 3 18 18 15 12 11 1 4 6 11 7 
15 7 9 13 16 20 12 13 19 4 21 16 12 18 17 20 21 11 13 8 0 19 6 17 8 8 15 13 19 12 6 7 10 8 10 15 17 18 5 6 9 11 2 14 3 
2 11 8 6 4 8 11 12 7 5 16 9 8 19 5 1 20 7 2 10 6 0 4 10 13 7 3 12 18 2 10 9 9 9 11 14 13 11 8 7 11 12 6 7 7 
10 9 11 8 10 14 6 7 13 3 20 11 7 17 11 15 16 13 16 12 12 14 0 12 8 3 9 8 13 16 7 11 4 7 9 9 19 13 16 5 13 10 4 9 5 
4 13 10 8 6 10 13 9 9 7 6 11 5 12 7 3 20 9 4 4 8 2 6 0 15 7 5 12 20 4 12 3 11 2 4 16 10 13 10 9 5 5 8 9 9 
12 17 17 16 14 18 21 11 17 10 20 15 18 17 15 11 16 17 7 6 16 18 14 20 0 18 13 23 28 20 14 19 19 14 9 24 24 21 18 12 7 4 12 17 13 
7 14 12 5 10 15 13 8 13 11 15 8 4 18 8 12 13 14 13 13 13 11 11 9 15 0 10 5 24 13 9 12 15 8 10 20 19 10 15 6 14 11 9 6 10 
7 8 5 3 1 5 8 9 4 4 13 6 5 16 2 6 17 4 7 11 3 5 1 7 10 4 0 9 15 7 7 10 6 6 8 11 10 8 5 4 12 9 3 4 4 
2 12 9 7 5 12 12 13 8 9 17 10 12 20 6 10 8 11 11 10 10 9 8 11 14 11 7 0 19 11 11 9 10 10 12 15 21 12 12 8 11 13 7 8 8 
18 10 12 17 15 19 3 12 18 7 18 16 8 15 12 20 24 9 11 8 5 19 9 21 11 11 14 16 0 17 9 12 13 11 7 18 15 22 3 9 9 6 5 18 6 
17 22 20 13 19 23 21 16 22 15 19 16 23 16 20 16 21 22 12 11 21 19 19 17 23 20 18 25 33 0 17 13 24 6 8 29 23 18 23 14 12 9 17 14 18 
19 15 3 15 13 17 9 10 16 12 23 14 17 20 14 18 29 16 19 15 10 17 13 19 11 16 12 21 16 19 0 14 7 16 12 12 22 9 8 14 16 13 10 16 11 
9 12 14 11 9 13 16 6 12 9 15 10 13 12 10 14 15 12 8 1 11 13 9 15 13 13 8 7 23 5 11 0 14 14 4 19 19 16 13 12 2 5 7 12 8 
12 9 7 8 6 10 2 3 9 6 16 7 10 13 7 11 23 9 12 8 8 10 6 12 4 10 5 15 9 12 8 7 0 11 5 5 15 13 12 9 9 6 4 9 5 
11 16 14 7 13 17 15 10 16 9 13 10 17 10 14 10 15 16 6 5 15 13 13 11 17 14 12 19 27 15 11 7 18 0 2 23 17 12 17 8 6 3 11 8 12 
9 14 14 13 11 15 18 8 14 7 11 12 15 8 12 8 13 14 4 3 13 15 11 17 15 12 10 17 25 17 11 16 16 11 0 21 15 18 15 9 4 1 9 14 10 
10 11 2 6 4 8 7 1 7 7 14 5 8 11 5 9 20 7 10 6 6 8 4 10 13 7 3 12 4 10 6 13 9 9 3 0 13 5 7 7 7 4 6 7 7 
10 16 14 11 9 17 9 10 5 13 23 14 17 20 10 14 28 16 15 15 10 13 12 15 11 15 12 20 16 15 15 14 7 14 12 12 0 16 8 12 16 13 11 12 12 
14 6 8 13 11 15 11 8 14 3 20 12 11 17 12 16 20 14 13 12 13 15 5 17 7 7 10 12 18 17 5 14 9 7 9 14 24 0 15 5 13 10 1 14 2 
17 9 11 16 14 18 14 11 17 6 14 15 7 20 11 19 23 6 8 7 2 18 8 20 10 10 13 15 21 14 8 9 12 10 12 17 12 21 0 8 8 5 4 17 5 
15 14 5 9 15 19 11 12 14 11 15 12 19 12 8 14 17 18 8 7 12 13 15 13 13 15 14 20 18 15 2 9 9 2 4 14 19 14 10 0 8 5 9 10 10 
13 10 12 9 7 11 14 4 10 7 17 8 11 14 8 12 24 10 13 9 9 11 7 13 11 11 6 16 21 13 9 16 12 12 6 17 16 14 11 10 0 7 5 10 6 
8 13 13 12 10 14 17 7 13 6 16 11 14 13 11 7 12 13 3 2 12 14 10 16 14 14 9 19 24 16 10 15 15 10 5 20 20 17 14 8 3 0 8 13 9 
13 5 7 12 10 14 10 7 13 2 19 11 10 16 11 15 19 13 12 11 12 14 4 16 6 6 9 11 17 16 4 13 8 6 8 13 23 17 14 4 12 9 0 13 1 
7 10 6 11 9 13 7 12 12 7 9 2 8 15 10 6 23 12 7 7 11 5 9 3 11 10 8 15 23 7 3 6 14 5 7 19 13 4 13 9 8 8 5 0 6 
12 4 8 11 9 13 16 6 12 1 18 10 9 15 10 14 18 12 11 10 11 13 9 15 18 5 8 10 14 15 5 12 14 5 7 19 22 16 13 3 11 8 11 12 0 

