45 1

1 1 1 1 1 1 1 1 1 1 1 1 1 1 1 1 1 1 1 1 1 1 1 1 1 1 1 1 1 1 1 1 1 1 1 1 1 1 1 1 1 1 1 1 1 

0 15 13 12 15 6 20 10 6 12 7 18 17 15 16 7 17 22 5 16 20 6 13 5 9 11 10 23 12 12 17 22 8 2 11 13 10 9 14 15 5 13 16 13 18 
17 0 7 19 17 7 14 8 3 12 5 12 11 9 7 8 13 16 8 12 14 16 4 10 15 14 4 14 6 13 19 24 10 12 5 15 12 11 5 9 14 7 10 23 12 
12 17 0 14 11 8 7 8 8 5 7 7 4 9 12 9 6 11 6 5 22 18 9 3 10 7 12 21 14 14 12 17 10 14 8 15 12 11 12 4 7 15 18 15 5 
16 13 6 0 16 3 13 9 2 11 6 11 10 8 14 4 5 10 7 4 13 22 11 9 14 12 3 20 5 9 18 16 11 18 4 14 11 12 11 8 6 6 9 14 11 
23 21 11 25 0 12 18 7 14 16 10 18 15 20 12 13 17 22 17 16 12 18 9 14 10 7 18 29 20 18 11 16 5 14 19 7 4 6 20 14 13 18 21 25 5 
26 9 12 25 24 0 19 15 12 17 12 21 16 18 14 1 18 25 11 17 16 19 11 15 10 14 13 17 15 6 15 20 17 15 14 22 19 18 8 7 19 16 19 26 17 
21 18 18 12 20 10 0 11 14 23 8 16 22 2 10 11 15 9 13 14 18 21 7 18 19 11 15 19 17 16 22 15 13 17 16 18 15 14 10 12 16 11 14 28 23 
23 19 11 25 9 10 18 0 14 16 8 18 15 20 10 11 15 22 17 14 12 18 7 14 21 5 18 27 20 16 11 16 2 14 19 7 4 3 18 12 13 18 21 25 14 
17 14 7 19 19 9 14 10 0 12 7 12 11 9 19 10 13 16 13 12 14 23 16 10 15 14 4 17 6 15 21 26 12 19 5 17 14 13 17 9 14 7 10 22 12 
26 18 14 28 12 13 21 3 17 0 11 21 18 16 13 14 18 25 1 17 18 21 10 17 24 8 21 30 23 19 14 19 5 17 22 10 7 6 21 15 16 21 14 28 17 
28 11 14 27 12 2 21 3 14 19 0 23 18 20 13 3 18 27 13 17 15 21 10 17 12 8 15 19 17 8 14 19 5 17 16 10 7 6 10 9 16 18 21 28 17 
5 19 13 7 10 11 20 12 9 9 9 0 17 5 11 12 12 4 8 12 13 11 8 2 3 6 10 14 12 9 19 10 13 7 11 15 12 11 5 13 10 12 15 18 15 
21 13 6 23 15 4 13 6 4 11 3 16 0 15 8 5 2 20 4 1 18 19 5 9 6 3 8 17 10 10 17 12 8 15 4 13 10 9 8 10 3 11 14 11 1 
34 17 20 29 12 22 27 19 20 25 20 29 24 0 22 9 26 33 19 25 24 23 19 22 22 19 21 14 23 14 23 28 17 19 22 19 16 18 16 15 22 24 27 30 17 
19 16 7 21 18 7 14 9 7 12 6 14 11 16 0 8 5 18 7 4 21 22 14 10 17 14 11 20 13 13 10 15 11 18 12 16 13 12 11 2 6 14 17 14 12 
25 8 11 24 23 13 18 14 11 16 11 20 15 17 13 0 17 24 10 16 15 18 10 14 9 13 12 16 14 5 14 19 16 14 13 21 18 17 7 6 18 15 18 25 16 
34 18 21 18 28 9 28 19 20 26 16 29 25 9 18 10 0 33 20 22 25 28 15 24 19 24 21 26 23 15 30 35 21 24 22 26 23 22 17 16 24 24 27 9 26 
12 15 9 3 13 7 16 8 5 14 5 7 13 11 7 8 8 0 4 8 9 12 4 9 10 2 6 10 8 13 15 6 9 8 7 11 8 7 1 9 10 8 11 19 14 
24 29 12 26 23 20 19 20 20 17 19 19 16 21 24 21 18 23 0 17 34 30 21 15 22 19 24 33 26 26 24 29 22 26 10 27 24 23 24 16 19 27 30 27 17 
20 12 10 22 14 3 17 5 3 15 2 15 14 12 10 4 1 19 3 0 17 18 7 13 13 10 7 16 9 9 16 21 7 14 8 12 9 8 7 12 2 10 13 10 15 
22 19 7 15 17 9 14 12 4 12 11 17 11 6 19 10 13 21 13 12 0 28 16 10 20 14 8 26 10 15 19 10 13 24 9 5 12 11 17 11 14 12 15 22 12 
22 19 12 6 18 9 19 9 8 6 12 17 16 14 7 10 11 16 7 10 19 0 13 15 20 14 9 26 11 15 20 25 11 24 10 16 13 12 17 9 12 12 15 7 17 
22 12 10 19 13 3 17 4 10 15 1 17 14 19 3 4 8 21 10 7 16 13 0 13 13 9 14 20 16 9 15 20 6 18 15 11 8 7 11 5 9 17 20 20 15 
25 18 19 29 8 11 26 15 21 24 18 26 23 28 20 12 25 30 22 24 18 23 17 0 18 15 22 28 24 17 19 24 13 27 23 15 12 14 19 22 21 26 14 30 13 
27 18 16 18 19 9 23 10 16 21 7 22 20 12 9 10 14 15 11 13 16 19 6 18 0 4 21 17 23 6 21 26 12 15 22 17 14 13 8 11 15 24 27 26 21 
24 14 12 21 15 5 19 6 12 17 3 19 16 8 5 6 10 23 12 9 18 15 2 15 15 0 16 22 18 11 17 22 8 20 17 13 10 9 13 7 11 19 22 22 17 
13 10 3 15 15 5 10 6 11 8 3 8 7 5 15 6 9 12 9 8 10 19 12 6 11 10 0 22 2 11 17 22 8 15 1 13 10 9 13 5 10 3 6 18 8 
23 16 11 15 9 7 18 4 9 16 10 18 15 20 13 8 17 22 12 16 12 9 10 8 12 8 13 0 15 13 11 16 5 5 14 7 4 3 15 15 8 18 21 16 14 
29 12 15 26 20 17 22 15 15 20 15 24 19 21 17 4 21 28 7 20 26 20 14 18 13 19 16 11 0 9 22 27 16 16 17 18 15 14 11 10 19 19 22 27 20 
27 12 17 11 18 8 24 9 13 22 6 22 21 8 8 4 13 26 5 12 10 13 5 12 16 14 14 11 16 0 20 25 11 9 15 16 13 12 2 10 14 17 20 20 22 
17 14 14 8 10 10 21 7 10 13 9 12 18 16 16 11 8 9 10 7 14 23 13 14 15 11 11 19 13 16 0 5 6 19 12 8 5 6 10 9 9 7 10 17 15 
12 9 9 14 7 5 16 2 5 14 4 7 13 12 11 6 3 11 5 2 9 18 8 9 10 6 9 21 11 11 9 0 3 14 10 5 2 1 12 4 4 2 5 12 12 
21 17 9 23 7 8 16 2 12 14 6 16 13 18 8 9 13 20 15 12 10 16 5 12 19 3 16 25 18 14 9 14 0 12 17 5 2 1 16 10 11 16 19 23 12 
21 13 11 10 17 4 18 8 4 10 5 16 15 13 11 5 15 20 7 14 18 4 15 3 7 13 8 21 10 10 19 24 10 0 9 15 12 11 12 13 3 11 14 11 16 
14 19 2 16 19 10 9 10 10 7 9 9 6 11 14 11 8 13 8 7 24 20 11 5 12 9 14 23 16 16 14 19 12 16 0 17 14 13 14 6 9 17 20 17 7 
27 13 16 10 20 4 23 11 7 21 8 22 20 11 18 5 8 20 10 14 5 23 15 19 14 16 13 21 15 10 22 15 13 19 14 0 15 14 12 11 6 17 20 17 21 
19 21 7 21 5 9 14 3 10 12 7 14 11 16 9 10 13 18 13 12 8 14 6 10 17 4 14 26 16 15 7 12 1 10 15 3 0 2 17 11 9 14 17 21 10 
20 22 8 22 6 10 15 1 11 13 8 15 12 17 10 11 14 19 14 13 9 15 7 11 18 5 15 27 17 16 8 13 2 11 16 4 1 0 18 12 10 15 18 22 11 
25 15 13 17 16 6 20 7 13 18 4 20 17 14 6 7 11 24 3 10 8 11 3 10 14 12 20 9 22 12 18 23 9 7 21 14 11 10 0 8 12 25 28 18 18 
17 18 5 19 20 13 12 13 6 10 12 12 9 14 14 10 11 16 11 10 16 19 11 8 15 12 10 17 12 6 8 13 15 15 11 18 15 14 8 0 12 15 18 26 10 
18 10 8 20 14 1 15 5 1 13 2 13 12 10 15 2 14 17 4 13 15 20 12 11 11 10 5 18 7 7 16 21 7 16 6 12 9 8 9 10 0 8 11 27 13 
10 7 7 12 15 15 14 15 10 12 14 5 11 10 16 12 13 9 13 12 7 16 13 7 8 11 11 19 13 8 10 15 17 12 12 12 17 16 10 2 14 0 3 23 12 
11 4 11 15 21 11 18 12 7 16 9 16 15 13 11 12 17 20 12 16 4 9 8 14 19 18 8 18 10 17 23 14 14 13 9 9 16 15 9 13 18 11 0 16 16 
25 22 15 9 19 9 22 10 11 20 7 20 19 17 9 10 14 24 16 13 22 28 6 18 23 15 12 26 14 15 21 26 12 24 13 17 14 13 17 11 15 15 18 0 20 
26 16 14 28 17 7 21 8 14 19 5 21 18 10 7 8 12 25 14 11 20 26 4 17 5 2 18 24 20 13 19 24 10 22 19 15 12 11 15 9 13 21 24 21 0 

