45 1

1 1 1 1 1 1 1 1 1 1 1 1 1 1 1 1 1 1 1 1 1 1 1 1 1 1 1 1 1 1 1 1 1 1 1 1 1 1 1 1 1 1 1 1 1 

0 16 13 13 7 8 9 10 10 8 5 5 9 2 14 5 15 11 12 7 3 7 13 4 9 3 15 13 18 10 6 8 14 12 13 13 8 12 8 11 9 15 15 12 13 
16 0 18 13 12 11 14 12 10 13 1 5 11 18 13 15 14 6 17 12 19 10 15 14 2 13 13 13 18 10 17 8 25 11 16 18 7 10 20 13 15 20 14 18 15 
6 8 0 10 11 3 6 9 5 12 9 11 10 8 11 12 19 11 11 6 9 2 10 10 7 9 9 10 14 7 12 3 20 16 12 12 13 6 2 12 3 14 12 11 12 
15 12 19 0 13 7 9 7 8 14 9 13 6 17 8 2 11 1 15 10 18 15 12 11 10 18 12 13 11 10 14 13 22 15 10 6 11 13 13 8 12 18 9 12 10 
4 11 6 6 0 9 2 8 11 1 4 9 13 6 7 8 18 7 10 12 7 8 6 8 8 7 13 6 17 3 8 9 16 15 10 12 12 13 8 15 9 13 8 12 11 
16 12 18 18 12 0 14 14 11 13 10 14 13 18 19 20 16 14 8 3 19 19 16 9 13 19 14 18 14 15 18 16 12 13 17 9 13 20 20 15 17 11 20 19 12 
9 9 11 4 5 8 0 11 10 6 2 6 11 11 5 6 16 5 8 11 12 7 4 13 6 12 11 4 15 1 6 8 14 13 8 10 15 11 10 13 11 11 6 10 14 
13 12 17 12 11 13 8 0 14 12 10 14 8 15 13 14 11 13 11 6 16 13 10 13 10 16 5 12 10 9 12 14 20 8 8 12 4 11 19 10 9 14 14 10 3 
17 10 21 10 15 17 12 12 0 16 11 15 12 19 17 12 15 11 15 10 20 17 14 17 2 20 9 16 14 13 16 5 24 12 12 16 8 15 23 14 15 18 18 14 7 
3 10 12 5 6 9 1 7 11 0 3 8 12 5 6 7 17 6 9 12 6 8 5 7 7 6 12 5 16 2 7 9 15 14 9 11 11 12 11 14 12 12 7 11 10 
15 22 17 17 11 10 13 19 16 12 0 4 24 17 18 19 26 18 18 13 18 19 17 19 8 18 24 17 24 14 19 14 27 23 21 19 23 24 19 26 20 21 19 23 22 
22 18 24 15 18 6 20 20 12 19 8 0 19 24 14 17 22 16 14 9 25 19 25 15 4 15 20 24 20 21 18 10 26 19 23 15 19 26 19 21 20 17 15 25 18 
9 12 13 7 7 10 3 1 12 8 5 9 0 11 8 9 12 8 12 7 12 9 6 5 6 12 6 7 11 4 8 10 16 9 4 13 5 7 15 2 7 15 9 6 4 
9 14 11 11 5 6 7 8 8 6 3 3 7 0 12 3 13 12 10 5 12 5 11 2 7 1 13 11 16 8 4 6 12 10 11 11 6 10 6 9 7 13 13 10 11 
9 4 17 13 11 6 9 12 14 12 1 5 11 11 0 15 22 7 14 9 12 13 10 13 6 12 11 13 16 10 12 12 20 19 8 15 16 11 5 10 6 17 1 10 15 
13 16 17 11 11 14 7 5 16 12 9 13 4 15 12 0 16 6 16 11 16 13 10 9 10 16 10 11 15 8 12 14 20 13 8 17 9 11 19 6 11 19 13 10 8 
13 13 15 8 9 12 4 15 14 10 6 10 15 15 9 10 0 9 12 15 16 11 8 17 10 16 15 8 19 5 10 12 18 17 12 14 19 15 14 17 1 15 10 14 18 
12 11 16 12 10 13 12 11 15 11 8 12 10 14 7 14 10 0 10 11 15 12 9 16 9 15 10 16 15 13 11 13 19 15 7 17 15 10 12 12 10 13 8 9 14 
14 4 18 7 12 6 12 9 14 13 5 9 9 9 17 9 8 8 0 7 17 14 11 11 6 10 6 16 11 13 13 12 21 5 9 13 5 12 15 11 9 3 15 11 4 
13 9 15 15 9 7 11 11 8 10 7 11 10 15 16 17 13 11 5 0 16 16 13 6 10 16 11 15 11 12 15 13 9 10 14 6 10 17 17 12 14 8 17 16 9 
8 24 21 21 15 16 17 18 18 16 13 13 17 10 22 13 23 22 20 15 0 15 21 12 17 11 23 21 26 18 14 16 22 20 21 21 16 20 16 19 17 23 23 20 21 
12 6 19 6 13 1 15 13 3 14 7 11 12 14 20 8 17 7 9 4 15 0 18 10 5 15 18 19 15 16 20 1 13 14 16 10 14 19 21 14 10 12 21 9 16 
5 12 7 3 1 4 3 10 6 2 5 10 9 7 8 5 11 4 12 7 8 3 0 9 8 8 15 7 14 4 2 4 10 17 13 9 13 16 9 11 9 15 9 8 13 
7 12 9 9 3 12 5 9 14 4 1 5 8 9 10 11 11 10 13 15 10 11 9 0 9 10 14 9 19 6 11 12 19 8 12 15 4 15 11 10 12 16 11 14 12 
19 11 21 11 15 16 17 18 8 16 12 16 17 21 22 13 23 12 23 18 22 15 22 12 0 11 17 21 22 18 14 6 22 20 20 17 16 23 16 19 17 26 23 22 15 
8 13 10 10 4 5 6 10 7 5 2 6 9 10 11 12 12 11 13 8 11 4 10 1 9 0 12 10 17 7 3 5 11 9 15 13 5 9 5 11 6 16 12 9 13 
8 10 12 8 6 8 8 3 9 7 11 13 6 10 13 10 14 9 6 1 11 8 5 12 5 11 0 12 5 9 7 9 15 11 3 7 7 6 14 8 6 9 9 5 6 
7 14 9 5 3 6 5 12 8 4 7 12 11 9 10 7 13 6 14 9 10 5 2 7 2 6 17 0 16 6 4 6 12 15 15 11 11 18 11 13 11 17 11 10 15 
13 12 17 12 11 8 8 8 10 12 10 14 8 15 13 14 11 13 11 6 16 7 10 13 4 16 5 12 0 9 12 8 20 8 8 12 4 11 19 10 11 14 14 10 3 
10 11 12 3 6 9 8 10 11 7 10 15 10 12 13 5 15 4 7 11 13 8 5 10 5 9 10 3 14 0 7 9 15 12 7 9 14 10 14 12 10 10 14 9 13 
9 7 19 7 13 2 10 12 4 14 8 14 11 11 15 9 9 8 10 5 12 1 12 13 6 12 17 14 15 11 0 2 8 11 15 10 7 18 17 13 7 13 16 6 15 
19 5 23 5 17 12 14 12 2 18 6 10 11 21 13 7 17 6 17 12 22 19 16 16 4 15 11 18 16 15 18 0 26 14 14 11 10 17 18 13 17 20 14 16 9 
9 10 11 7 5 3 7 7 4 6 9 14 6 11 12 9 14 2 6 6 12 7 4 13 6 12 12 11 7 8 6 8 0 11 10 2 11 13 13 8 13 9 13 12 10 
16 4 18 11 12 15 7 16 17 13 5 9 16 18 12 13 3 12 19 14 19 14 11 20 6 19 13 11 8 8 13 15 21 0 16 17 12 19 17 18 4 22 13 18 11 
5 13 9 5 3 6 5 4 8 4 7 10 3 7 10 7 15 6 9 4 8 5 2 9 2 8 3 9 8 6 4 6 12 12 0 10 8 3 11 5 3 12 6 2 7 
13 13 17 11 11 1 7 5 2 12 9 13 4 15 12 13 17 12 9 4 16 13 10 9 4 16 10 11 5 8 12 7 20 14 8 0 9 11 19 6 11 12 13 10 8 
13 8 17 11 11 14 7 5 16 12 9 13 4 15 12 13 7 12 16 11 16 13 10 9 10 16 10 11 15 8 12 14 20 4 8 17 0 11 19 6 8 19 13 10 8 
11 11 15 11 9 9 11 6 10 10 9 7 9 13 16 13 15 12 7 2 14 11 8 8 8 14 3 15 8 12 10 12 18 12 6 8 10 0 8 11 9 10 12 8 9 
4 13 15 8 9 12 4 10 14 10 6 9 13 6 9 10 19 9 11 6 7 11 8 8 10 7 7 8 12 5 10 12 18 16 10 12 12 4 0 15 1 14 10 12 13 
10 10 12 5 6 9 1 13 11 7 3 7 12 12 6 7 14 6 9 12 13 8 5 3 7 13 12 5 16 2 7 9 15 11 9 11 7 12 11 0 12 12 7 11 16 
12 12 14 7 8 11 3 15 13 9 5 9 14 14 8 9 19 8 11 14 15 10 7 16 9 15 14 7 18 4 9 11 17 16 11 13 19 14 13 16 0 14 9 13 18 
15 1 17 13 11 12 9 14 14 12 2 6 13 6 14 9 5 7 16 11 18 11 13 8 3 7 15 13 10 10 10 12 18 2 18 17 12 16 12 15 6 0 15 20 13 
12 17 16 12 10 5 12 11 15 11 14 17 10 14 17 14 21 6 13 8 15 12 9 16 9 15 10 16 15 13 11 13 19 18 7 14 15 10 18 12 10 16 0 9 14 
3 13 15 8 9 12 4 16 14 10 6 8 15 5 9 10 18 9 15 10 6 11 8 7 10 6 15 8 19 5 10 12 18 15 12 14 11 15 11 17 1 18 10 0 19 
10 9 14 9 8 10 5 5 11 9 7 11 5 12 10 11 8 10 8 3 13 10 7 10 7 13 2 9 7 6 9 11 17 5 5 9 1 8 16 7 8 11 11 7 0 

