45 1

1 1 1 1 1 1 1 1 1 1 1 1 1 1 1 1 1 1 1 1 1 1 1 1 1 1 1 1 1 1 1 1 1 1 1 1 1 1 1 1 1 1 1 1 1 

0 7 9 8 10 8 16 12 11 19 9 7 6 21 13 32 16 5 10 17 15 12 10 7 12 5 4 4 6 14 11 21 6 22 6 14 17 1 4 8 9 10 11 8 14 
10 0 19 7 9 12 22 11 11 18 19 17 16 20 18 23 8 12 15 12 14 22 17 6 18 11 14 3 12 13 16 20 13 28 5 9 16 11 14 14 8 9 10 7 12 
12 12 0 5 7 8 13 9 3 16 11 7 11 20 4 15 13 4 1 14 8 3 7 4 11 9 12 5 5 13 4 14 5 19 3 11 10 9 11 13 6 7 8 5 16 
18 13 21 0 13 20 16 15 15 22 21 19 18 24 22 32 19 16 19 20 18 24 21 10 23 15 16 7 17 17 23 24 17 22 9 17 20 15 15 8 12 13 14 11 14 
15 5 24 12 0 16 24 16 16 23 24 15 21 8 23 28 13 17 20 17 23 27 16 11 20 12 19 8 14 9 20 25 12 30 10 14 21 16 12 16 13 14 15 12 22 
13 7 9 6 5 0 16 10 10 17 9 7 6 13 13 22 15 5 10 15 8 12 16 5 12 10 4 12 13 14 4 10 12 22 12 12 10 12 11 8 15 8 9 6 14 
15 14 16 10 12 7 0 14 12 21 16 6 13 17 9 16 18 12 6 19 10 19 11 9 18 11 11 14 12 10 11 16 7 6 8 16 12 10 10 15 11 12 13 10 21 
3 10 12 11 7 5 15 0 9 7 12 7 9 15 16 21 19 8 13 5 13 15 8 10 15 8 7 7 9 16 9 15 11 21 9 2 15 4 7 7 12 13 14 11 17 
13 9 11 6 8 10 20 10 0 17 8 9 8 17 6 12 14 1 12 15 11 8 6 5 8 10 14 2 10 10 10 17 2 16 4 12 13 10 13 12 7 8 9 6 13 
5 7 9 12 9 6 13 16 12 0 14 12 6 17 13 29 15 10 10 3 14 12 15 11 17 1 9 10 11 18 10 20 11 19 12 18 16 6 9 5 15 14 15 12 11 
4 11 13 4 6 12 16 8 8 15 0 11 10 16 15 18 22 9 12 13 6 16 13 3 16 8 8 10 10 9 2 12 9 8 12 10 8 5 8 15 15 6 7 4 5 
9 8 10 7 6 1 17 11 11 18 10 0 7 14 14 23 16 6 11 16 9 13 17 6 12 5 5 13 6 15 5 11 13 23 13 13 11 10 4 9 16 9 10 7 15 
11 1 3 8 10 11 23 12 6 19 14 10 0 23 7 18 9 7 4 13 11 6 10 7 14 12 15 4 8 16 7 17 8 22 6 10 13 12 14 15 9 10 11 8 13 
8 8 13 14 8 8 17 18 9 25 17 7 10 0 17 21 18 10 14 7 15 16 8 13 12 4 12 11 6 1 12 21 4 23 13 17 17 9 4 9 11 16 17 14 15 
12 11 7 9 11 4 20 13 10 20 13 3 10 24 0 22 17 9 5 18 12 10 14 8 15 8 8 12 9 17 8 14 12 26 7 15 14 13 7 12 10 11 12 9 18 
8 8 3 8 10 8 16 12 6 19 17 7 14 8 7 0 16 7 4 17 11 6 8 7 14 4 12 8 8 1 7 17 4 22 6 14 13 9 11 8 9 10 11 8 5 
11 16 15 9 11 12 19 13 13 20 20 11 17 9 8 24 0 14 13 18 17 18 19 8 14 7 15 15 8 10 16 12 15 25 15 15 8 12 6 11 18 11 12 9 17 
11 10 12 11 13 13 19 15 12 22 7 13 9 16 16 25 18 0 13 20 10 7 11 10 7 8 15 14 9 9 9 16 14 15 15 17 12 12 15 11 18 13 14 11 12 
11 11 10 4 6 7 20 8 8 15 16 6 13 14 3 20 12 9 0 13 15 13 14 3 15 8 11 10 9 15 11 17 10 26 2 10 17 8 10 12 5 6 7 4 21 
14 4 6 11 6 9 10 15 9 22 10 8 3 14 10 26 12 6 7 0 16 9 12 10 17 13 5 7 11 15 12 17 8 16 9 13 18 3 12 2 12 13 14 11 8 
15 14 24 8 10 16 17 12 12 19 18 15 21 14 19 25 16 11 16 17 0 18 18 7 20 12 19 4 14 15 20 6 14 15 6 14 2 12 12 9 9 10 11 8 15 
17 17 16 10 12 13 20 14 5 21 13 12 19 10 9 17 18 6 6 19 11 0 4 9 8 14 17 7 2 11 15 17 7 26 8 16 13 14 14 12 11 12 13 10 18 
14 10 12 7 9 11 23 11 1 18 9 10 9 18 7 13 15 2 13 16 6 15 0 6 9 11 15 3 16 11 11 12 3 17 5 13 8 11 14 15 8 9 10 7 14 
8 8 17 1 3 9 17 5 5 12 17 8 14 11 12 17 19 6 9 10 15 13 11 0 12 5 12 7 6 12 13 21 7 23 9 7 17 9 12 9 12 3 4 1 15 
9 9 16 11 8 7 12 15 10 22 16 6 13 9 20 28 19 11 17 20 3 19 9 10 0 5 11 7 12 2 11 9 5 18 9 17 5 10 10 4 12 13 14 11 10 
4 9 13 11 8 5 12 15 15 22 13 11 10 16 17 28 20 9 14 20 13 16 14 10 16 0 8 8 10 17 9 19 10 18 10 17 15 5 8 4 13 13 14 11 10 
9 3 5 9 8 4 12 13 8 20 5 3 2 17 9 28 11 1 6 18 11 8 12 8 8 8 0 6 9 10 7 17 10 18 8 15 13 10 7 4 11 11 12 9 10 
11 11 20 4 6 12 20 8 8 15 20 11 17 14 15 20 12 9 12 13 11 16 14 3 16 8 15 0 10 15 16 17 10 26 2 10 13 8 8 12 5 6 7 4 18 
15 15 22 8 10 13 18 12 12 19 11 12 19 15 19 24 26 13 16 17 9 25 15 7 6 10 17 14 0 8 13 15 11 24 16 14 11 16 9 10 19 10 11 8 16 
7 7 16 13 7 7 15 17 8 24 16 6 13 7 14 20 15 9 17 14 15 19 7 12 18 3 11 10 12 0 11 21 3 21 12 19 17 8 10 7 15 15 16 13 13 
9 9 18 2 4 11 9 6 6 13 18 16 15 12 13 25 20 7 10 11 4 14 12 1 13 6 13 8 7 13 0 10 8 15 10 8 6 10 13 13 13 4 5 2 23 
16 8 15 15 7 16 11 19 17 26 25 15 18 8 19 12 16 18 16 15 23 18 16 14 20 12 20 11 14 9 19 0 12 17 13 21 25 17 12 3 16 17 18 15 9 
18 9 16 11 4 15 15 15 5 22 13 14 13 12 11 17 19 6 17 20 10 19 4 10 13 15 19 7 18 13 15 16 0 21 9 17 12 15 16 7 12 13 14 11 18 
19 10 13 12 5 16 8 16 6 23 14 15 14 18 12 10 20 7 14 21 4 16 5 11 14 14 20 8 18 11 16 10 1 0 10 18 6 4 19 8 13 6 15 12 15 
9 9 18 2 4 10 18 6 6 13 18 9 15 12 13 18 10 7 10 11 9 14 12 1 14 6 13 8 8 13 14 15 8 24 0 8 11 6 6 10 3 4 5 2 16 
1 8 10 9 5 3 13 13 12 20 10 8 7 13 14 29 17 6 11 3 11 13 11 8 13 6 5 5 7 14 7 17 7 19 7 0 13 2 5 5 10 11 12 9 15 
20 12 19 19 11 20 15 23 21 30 29 19 22 12 23 16 20 22 20 19 27 22 20 18 24 16 24 15 18 13 23 4 16 21 17 25 0 21 16 7 20 21 22 19 13 
17 14 25 10 9 19 20 14 10 21 18 19 23 17 16 22 14 11 21 19 15 18 9 9 21 14 21 12 15 18 20 21 5 26 14 16 17 0 21 12 7 12 13 10 23 
5 12 14 12 9 6 13 16 16 23 14 12 11 17 18 29 21 10 15 21 11 17 17 11 8 1 9 9 2 10 10 17 13 19 11 18 13 6 0 5 14 14 15 12 11 
19 5 24 12 4 15 8 16 16 23 24 14 21 12 17 24 13 17 14 21 18 27 19 11 24 16 19 8 18 13 19 15 15 14 10 18 20 16 16 0 13 14 15 12 6 
10 10 19 3 5 11 19 7 7 14 19 10 16 13 14 19 7 8 11 12 17 15 13 2 14 7 14 9 8 14 15 23 9 25 11 9 19 3 14 11 0 5 6 3 17 
17 17 16 10 12 13 24 14 4 21 12 12 19 21 9 16 18 5 6 19 15 12 10 9 12 14 17 6 14 14 14 21 6 20 8 16 17 14 16 16 11 0 13 10 17 
5 12 14 7 9 6 13 11 1 18 9 10 11 18 7 13 15 2 15 8 12 9 7 6 9 1 9 3 11 11 11 18 3 19 5 13 14 6 9 5 8 9 0 7 14 
7 14 16 14 11 8 19 4 18 11 16 7 13 17 20 35 23 12 17 9 11 19 17 13 8 12 11 11 13 10 12 17 13 25 13 6 13 8 11 11 16 16 17 0 21 
14 17 23 20 16 15 20 24 19 31 23 15 20 18 27 21 28 19 24 29 12 26 18 19 9 10 18 16 11 11 19 9 14 26 18 26 14 15 9 12 21 22 23 20 0 

