45 1

1 1 1 1 1 1 1 1 1 1 1 1 1 1 1 1 1 1 1 1 1 1 1 1 1 1 1 1 1 1 1 1 1 1 1 1 1 1 1 1 1 1 1 1 1 

0 2 5 8 13 1 17 12 2 7 7 5 13 13 7 11 6 3 15 11 15 11 4 6 5 17 7 8 1 8 4 10 12 5 8 9 7 11 3 20 2 15 5 14 8 
13 0 8 11 11 10 15 13 5 5 6 5 14 11 10 9 17 1 18 9 16 9 2 4 3 15 8 6 12 19 2 8 15 9 7 10 5 9 14 21 11 14 8 12 6 
18 5 0 11 16 13 20 15 5 10 11 10 16 16 2 9 9 6 10 11 18 7 7 9 8 18 10 11 4 11 7 13 15 8 12 4 10 12 6 23 14 14 8 17 6 
15 13 12 0 13 12 17 16 4 7 18 16 17 13 11 22 10 3 19 11 19 11 15 3 2 17 11 8 5 12 1 10 14 9 15 12 18 11 7 24 13 13 7 14 5 
14 12 11 12 0 11 16 14 11 6 17 15 15 12 10 10 17 2 18 10 17 10 3 10 9 16 9 7 12 19 8 9 21 16 8 11 6 10 14 22 12 20 14 13 12 
14 1 4 12 12 0 16 10 6 6 6 4 9 12 6 10 7 2 14 10 13 10 3 5 4 16 5 7 8 9 3 9 16 6 7 8 6 10 4 18 1 14 9 13 7 
17 10 14 10 15 9 0 14 14 9 15 13 15 15 12 19 16 5 20 4 17 13 12 13 12 14 14 10 14 18 11 12 24 15 16 9 15 8 13 27 10 23 17 16 15 
20 7 10 5 13 6 22 0 2 12 8 10 1 18 12 16 15 8 20 15 3 16 9 8 7 16 6 13 10 7 6 15 12 11 5 11 12 10 12 19 3 9 5 12 10 
21 10 13 6 19 9 23 19 0 13 15 13 18 19 12 14 16 9 20 13 22 17 7 9 8 14 14 14 14 18 7 16 10 15 14 9 10 8 13 27 10 19 3 20 11 
8 7 13 13 18 9 10 17 7 0 15 13 18 6 4 15 11 8 12 13 20 9 8 9 10 22 12 13 6 13 9 15 17 10 14 6 11 16 8 25 10 16 10 19 8 
18 5 13 8 16 9 20 7 7 10 0 13 8 16 15 14 11 6 23 14 10 11 7 9 8 9 2 11 6 13 7 13 12 10 1 11 10 10 8 15 6 8 5 17 11 
14 8 3 12 12 11 16 11 8 6 17 0 12 12 5 17 12 2 13 10 14 10 10 10 9 16 13 7 7 14 8 9 18 11 14 7 13 10 9 26 12 17 11 13 9 
19 6 9 7 12 5 21 11 1 11 7 9 0 17 11 15 12 7 19 14 14 15 8 10 9 15 6 12 10 6 8 14 11 10 8 10 11 9 9 19 2 8 4 18 12 
2 4 7 10 15 3 4 14 4 9 9 7 15 0 9 9 8 5 17 8 17 13 2 3 7 18 9 10 3 10 6 12 14 7 10 11 5 12 5 22 4 13 7 16 5 
16 3 11 9 14 11 18 13 3 8 9 8 14 14 0 7 7 4 8 9 16 5 5 7 6 16 8 9 2 9 5 11 13 6 10 2 8 10 4 21 12 12 6 15 4 
18 5 8 16 10 4 20 14 10 10 10 8 15 16 7 0 11 6 15 14 17 14 7 9 8 9 9 11 9 13 7 13 20 10 9 4 10 3 8 22 5 18 13 17 11 
17 4 12 11 15 12 19 6 5 9 14 9 7 15 7 13 0 5 15 13 9 13 6 2 7 8 1 10 5 2 6 12 15 9 11 9 9 13 7 14 9 12 8 16 4 
12 10 9 10 10 9 14 9 9 4 15 13 10 10 8 15 15 0 16 8 12 8 12 8 7 14 13 5 10 17 6 7 19 14 12 9 15 8 12 26 10 18 12 11 10 
19 6 14 12 17 10 21 16 6 11 12 14 5 17 16 15 17 7 0 15 19 15 8 10 9 21 11 12 15 11 8 14 16 15 13 16 11 15 14 24 7 13 9 18 12 
13 6 10 11 11 5 15 10 10 5 11 9 11 11 8 15 12 1 16 0 13 9 8 9 8 10 10 6 10 14 7 8 20 11 12 5 11 4 9 23 6 19 13 12 11 
17 15 14 2 15 14 19 18 6 9 20 18 19 15 13 20 12 5 21 13 0 13 17 5 4 19 13 10 7 14 3 12 16 11 17 14 20 13 9 26 15 15 9 16 7 
17 10 14 15 15 9 19 14 12 9 15 13 15 15 12 12 16 5 20 4 17 0 5 11 10 14 14 10 14 18 9 12 22 15 16 9 8 8 13 27 10 21 15 7 13 
15 12 12 12 13 11 17 14 12 7 17 9 15 13 11 7 18 3 19 11 17 11 0 11 10 16 9 8 13 20 9 10 16 17 15 11 3 10 15 22 12 21 9 14 13 
14 12 11 6 12 11 16 11 10 6 17 15 12 12 10 17 17 2 18 10 14 10 14 0 8 16 15 7 12 19 7 9 12 12 14 11 17 10 14 28 12 10 13 13 2 
15 12 12 8 13 11 17 12 2 7 17 15 13 13 11 16 18 3 19 11 15 11 9 1 0 17 16 8 13 20 9 10 12 6 15 12 12 11 15 29 12 11 5 14 3 
17 12 17 11 15 13 19 14 4 9 19 17 15 15 13 21 8 13 12 17 9 18 14 10 13 0 9 18 3 10 12 20 14 3 20 13 17 12 5 22 14 20 7 24 12 
16 3 11 10 14 11 18 5 5 8 13 8 6 14 13 12 9 4 21 12 8 12 5 7 6 7 0 9 4 11 5 11 15 8 10 13 8 12 6 13 8 14 8 15 9 
15 5 8 10 13 4 17 14 4 7 10 8 15 13 7 14 11 3 15 3 17 3 7 3 2 9 9 0 9 13 1 10 14 8 9 4 10 3 8 22 5 13 7 14 5 
22 9 14 7 12 10 24 11 1 14 16 14 12 20 13 18 5 10 9 14 14 18 11 7 9 15 6 15 0 7 8 17 11 4 17 10 14 9 2 19 11 17 4 21 9 
18 8 15 13 16 11 20 18 7 10 13 15 6 16 5 12 12 6 13 14 21 10 10 6 5 20 13 11 7 0 4 13 17 11 14 7 13 14 9 26 8 14 10 17 8 
14 12 11 9 12 11 16 11 3 6 17 15 12 12 10 17 17 2 18 10 14 10 14 2 1 16 15 7 12 19 0 9 13 7 14 11 17 10 14 28 12 12 6 13 4 
8 7 2 3 3 8 19 11 7 9 14 12 12 15 4 13 11 5 12 13 14 9 6 6 5 13 6 10 6 13 4 0 17 10 5 6 9 7 8 19 9 16 10 4 8 
16 6 9 14 14 5 18 11 11 8 7 9 12 14 11 15 12 4 19 3 14 12 8 10 9 13 6 9 10 14 8 11 0 11 8 8 11 7 9 19 2 15 14 15 12 
14 13 19 19 24 15 16 23 13 6 21 19 15 12 10 17 17 14 18 19 26 15 14 15 16 26 18 19 12 9 15 21 23 0 20 12 17 20 14 31 16 22 16 25 14 
17 4 12 7 15 8 19 6 6 9 10 12 7 15 14 13 10 5 22 13 9 13 6 8 7 8 1 10 5 12 6 12 11 9 0 10 9 9 7 14 5 15 4 16 10 
19 6 14 12 17 14 21 16 6 11 12 11 10 17 3 10 10 7 11 12 19 8 8 5 9 19 11 12 5 12 8 14 16 9 13 0 11 13 7 24 12 15 9 18 7 
20 9 9 9 14 8 22 18 13 12 14 6 19 18 11 4 15 8 19 16 21 16 11 12 11 13 13 13 13 17 10 15 13 14 13 8 0 7 12 26 9 22 6 19 14 
15 2 5 13 13 1 17 11 7 7 7 5 12 13 4 11 8 3 12 11 14 11 4 6 5 6 6 8 6 10 4 10 17 7 6 1 7 0 5 19 2 15 10 14 8 
20 7 15 8 10 11 22 9 9 12 17 15 10 18 10 16 3 8 18 15 12 16 9 5 10 16 4 13 8 5 9 15 12 2 14 11 12 10 0 17 12 15 5 19 7 
9 11 10 2 15 10 11 14 6 9 16 7 15 7 12 16 15 5 20 13 17 13 9 5 4 19 16 10 10 17 3 12 16 14 17 14 12 13 12 0 11 15 9 16 7 
17 4 7 14 10 3 19 9 9 9 5 7 10 15 9 13 10 5 17 13 12 13 6 8 7 11 4 10 8 12 6 12 19 9 6 11 9 13 7 17 0 13 12 16 10 
16 12 15 17 20 11 18 21 11 8 17 15 17 14 14 21 18 10 22 10 24 10 14 10 9 16 16 7 17 11 8 17 21 2 16 11 17 10 15 29 12 0 14 21 12 
18 7 10 3 16 6 20 16 7 10 12 10 17 16 9 16 13 6 17 10 19 14 9 6 5 11 11 11 8 15 4 13 7 12 11 6 12 5 10 24 7 16 0 17 8 
16 8 13 11 14 8 18 10 5 8 14 12 11 14 12 8 14 4 20 12 13 12 10 4 3 17 5 9 9 16 2 11 15 13 15 12 13 11 11 18 9 14 8 0 6 
26 16 19 24 24 15 28 21 21 18 17 19 22 24 21 25 22 14 29 13 24 22 18 20 19 23 16 19 20 19 18 21 10 10 18 18 21 17 19 29 12 8 24 25 0 

