45 1

1 1 1 1 1 1 1 1 1 1 1 1 1 1 1 1 1 1 1 1 1 1 1 1 1 1 1 1 1 1 1 1 1 1 1 1 1 1 1 1 1 1 1 1 1 

0 10 20 11 6 33 15 7 17 14 15 15 12 15 22 13 17 14 18 25 20 8 16 16 17 13 12 10 17 18 18 14 14 17 11 16 17 17 6 10 7 13 24 7 20 
17 0 16 10 9 30 12 10 7 17 8 10 7 5 17 10 24 10 8 15 10 11 13 8 14 8 2 16 7 24 21 9 4 13 1 6 12 6 13 6 14 8 14 10 10 
12 13 0 5 10 23 4 11 10 7 9 11 10 8 20 2 14 10 11 5 13 12 6 6 7 9 5 11 8 19 22 10 7 16 4 9 7 7 11 7 8 11 15 11 10 
15 18 19 0 15 42 23 16 19 26 14 14 19 17 29 21 20 13 20 24 22 17 25 16 26 20 14 9 19 17 27 16 12 18 19 18 10 24 19 18 20 20 26 16 22 
20 8 29 9 0 31 9 1 11 12 12 14 11 9 21 7 11 14 12 19 14 2 14 11 15 8 6 19 11 27 12 9 8 11 5 10 15 10 4 4 5 12 18 1 14 
11 12 5 10 9 0 9 10 13 12 8 10 13 11 23 7 19 9 14 10 16 11 5 11 6 8 8 10 7 18 21 9 8 13 7 12 6 6 13 6 14 14 14 10 15 
17 14 20 1 16 38 0 9 15 25 15 6 15 13 25 15 19 5 16 25 18 18 21 10 22 16 10 10 15 18 20 8 8 21 15 14 12 20 20 14 21 16 22 17 18 
18 13 27 9 12 29 8 0 15 10 12 14 15 13 25 6 10 14 14 23 18 14 12 10 13 7 10 17 11 25 11 8 12 19 14 14 13 13 9 13 10 16 18 13 18 
7 9 21 14 6 23 13 7 0 18 5 11 8 6 18 11 25 10 9 16 11 8 6 5 7 9 3 11 8 19 18 10 1 14 7 7 7 7 10 7 11 9 15 7 11 
8 9 17 15 6 19 15 7 10 0 5 7 10 8 20 13 13 6 11 22 13 8 2 8 3 5 5 7 4 15 18 6 5 10 4 9 3 3 10 3 11 11 11 7 13 
14 4 23 10 1 25 10 2 11 13 0 13 11 9 21 8 12 12 12 19 6 3 8 12 9 9 6 13 10 21 13 10 8 17 5 10 9 9 5 5 6 12 17 2 14 
11 14 20 12 11 32 14 12 9 19 10 0 9 7 19 12 16 6 10 17 12 13 15 6 16 10 4 10 9 18 23 9 2 15 8 8 6 13 15 8 16 10 16 12 12 
10 10 19 15 6 29 15 7 10 10 6 9 0 8 10 13 17 8 11 8 13 8 12 4 13 1 5 9 5 17 18 2 3 9 9 9 5 13 10 9 11 1 12 7 13 
12 7 21 13 4 31 13 5 12 12 3 6 2 0 12 11 19 5 13 10 5 6 14 6 15 3 7 11 2 19 16 4 5 18 8 11 7 15 8 8 9 3 9 5 5 
16 6 25 12 3 27 12 4 13 11 2 15 9 11 0 10 14 14 14 17 8 5 10 13 11 10 8 15 12 23 15 11 10 19 7 12 11 11 7 7 4 10 19 4 16 
19 13 22 3 10 41 2 11 17 22 9 8 17 15 27 0 21 7 8 27 20 12 24 12 25 18 12 12 17 20 22 10 10 13 14 16 14 19 14 14 15 18 24 11 20 
21 16 20 14 13 34 16 14 11 21 12 14 11 9 21 14 0 14 12 19 14 15 17 12 18 12 6 20 11 28 25 13 8 17 5 10 16 10 17 10 18 12 18 14 14 
12 9 21 13 12 33 15 13 10 20 11 1 10 8 20 13 17 0 11 18 13 14 16 5 17 11 5 11 10 19 24 3 3 16 10 9 7 15 16 9 17 11 17 13 13 
11 7 24 5 5 36 4 6 11 17 12 10 11 9 21 2 16 9 0 19 14 7 19 12 20 12 6 14 11 22 17 13 8 5 8 10 16 13 9 9 10 12 18 6 14 
10 10 19 11 8 21 17 9 12 2 7 9 9 10 19 15 9 8 13 0 15 10 4 10 5 7 7 9 6 17 20 8 7 12 6 11 5 5 6 5 3 10 13 9 5 
15 12 24 13 9 26 12 10 7 7 8 10 7 5 17 10 24 10 8 15 0 11 9 8 10 8 2 14 7 22 21 9 4 13 6 6 10 10 8 6 5 8 14 10 10 
22 10 31 12 2 33 11 3 13 14 14 16 13 11 23 9 13 16 14 21 16 0 16 13 17 10 8 21 13 29 14 11 10 13 7 12 17 12 6 6 7 14 20 3 16 
6 7 15 14 4 17 13 5 8 16 3 5 8 6 18 11 11 4 9 20 11 6 0 6 1 3 3 5 2 13 16 4 3 8 2 7 1 1 8 1 9 9 9 5 11 
13 14 22 21 11 24 20 12 15 14 10 7 15 13 25 18 21 11 16 12 18 13 7 0 8 10 10 12 9 20 23 11 9 15 9 14 8 8 15 8 16 16 16 12 17 
22 16 21 12 15 16 11 3 17 13 15 18 17 15 17 9 13 17 18 26 20 17 15 13 0 10 12 20 14 19 14 11 10 23 17 16 16 16 12 16 13 8 21 16 20 
18 9 27 14 6 31 13 7 8 18 5 8 8 6 18 11 25 7 9 16 11 8 14 3 15 0 3 17 4 25 18 1 5 14 7 7 13 12 10 7 11 9 11 7 11 
15 10 24 11 7 28 10 8 5 15 6 8 5 3 15 8 22 8 6 13 8 9 11 6 12 6 0 14 5 22 19 7 2 11 4 4 10 9 11 4 12 6 12 8 8 
11 9 10 15 6 36 14 7 14 17 5 5 14 12 24 12 24 4 15 15 11 8 19 9 20 15 9 0 14 8 18 7 7 9 10 13 11 15 10 10 11 15 21 7 17 
15 5 24 12 2 33 11 3 10 14 1 4 12 10 22 9 13 3 11 20 7 4 16 8 17 13 7 14 0 22 14 6 6 16 6 9 10 11 6 6 7 13 7 3 15 
3 13 12 14 13 33 16 10 15 14 16 18 11 13 15 14 26 18 16 17 18 11 16 12 17 12 10 21 15 0 21 13 8 21 10 14 17 17 9 17 10 6 22 10 7 
17 6 26 11 11 28 10 12 5 17 10 8 7 11 17 8 24 15 6 15 16 13 11 11 12 8 8 16 13 24 0 9 6 11 7 4 12 12 15 12 16 8 20 12 16 
15 6 24 18 13 26 17 14 12 14 12 9 12 10 22 15 20 13 13 20 15 15 9 2 10 13 7 14 11 22 25 0 5 18 7 11 10 10 17 10 18 13 18 14 7 
17 12 26 13 9 30 12 10 7 17 8 10 7 5 17 10 24 10 8 15 10 11 13 4 14 8 2 16 7 24 21 9 0 13 6 6 12 11 13 6 14 8 14 10 10 
6 11 25 12 8 29 11 9 6 16 7 9 6 4 16 9 23 9 7 14 9 10 12 7 13 7 1 15 6 23 20 8 3 0 5 5 11 10 12 5 13 7 13 9 9 
16 11 15 12 8 29 11 9 6 16 7 9 6 4 16 9 23 9 7 14 9 10 12 7 13 7 1 15 6 23 20 8 3 12 0 5 11 5 12 5 13 7 13 9 9 
13 10 22 7 7 24 6 8 1 19 6 4 9 7 19 4 26 11 2 17 12 9 7 6 8 10 4 12 9 20 19 11 2 7 9 0 8 8 11 8 12 10 16 8 12 
5 14 14 15 11 32 14 12 9 19 10 4 9 7 19 12 10 3 10 19 12 13 15 6 16 10 4 4 9 12 23 6 2 15 8 8 0 13 15 8 16 10 16 12 12 
23 6 32 13 3 34 12 4 11 15 2 5 10 8 20 10 14 4 12 18 13 5 17 5 18 2 5 22 1 30 15 3 7 17 7 10 18 0 7 7 8 11 8 4 13 
16 4 25 5 3 27 12 4 11 8 12 14 6 9 16 10 14 14 12 14 14 5 10 10 11 7 6 15 11 23 15 8 8 17 5 10 11 11 0 7 1 7 18 4 14 
17 12 26 13 8 30 12 9 7 17 8 10 7 5 17 10 24 10 8 15 10 6 13 8 14 8 2 16 7 24 20 9 4 7 1 6 12 6 12 0 13 8 14 9 10 
15 7 24 8 6 26 15 7 14 7 12 14 5 12 15 13 22 13 15 13 17 8 9 9 10 6 9 14 11 22 18 7 8 20 8 13 10 10 3 10 0 6 18 7 17 
14 13 28 15 5 32 14 6 9 17 10 12 9 7 9 12 16 12 10 17 12 7 15 6 16 10 4 18 9 11 17 11 2 15 8 8 14 13 9 8 10 0 16 6 12 
15 13 24 9 9 26 8 10 3 18 9 6 8 6 18 6 25 11 4 16 11 7 9 8 10 9 3 14 8 22 21 10 4 9 2 2 10 7 13 1 14 9 0 10 11 
19 7 28 8 3 30 12 4 14 11 15 17 9 12 19 10 14 17 15 17 17 1 13 13 14 10 9 18 14 26 15 11 11 14 8 13 14 14 3 7 4 10 21 0 17 
15 13 24 14 10 26 13 11 8 7 9 11 4 6 14 11 21 11 9 12 11 12 9 8 10 5 3 14 8 22 22 6 5 14 3 7 10 10 14 10 15 5 15 11 0 

