50 1

1 1 1 1 1 1 1 1 1 1 1 1 1 1 1 1 1 1 1 1 1 1 1 1 1 1 1 1 1 1 1 1 1 1 1 1 1 1 1 1 1 1 1 1 1 1 1 1 1 1 

0 19 19 15 23 22 22 24 12 18 26 22 24 17 19 25 7 22 18 21 22 21 23 22 21 19 25 26 29 20 17 23 23 21 22 18 24 23 20 22 28 21 19 27 24 27 12 26 21 21 
11 0 10 13 13 16 12 12 18 9 24 16 14 15 7 17 12 12 16 15 10 11 6 10 11 13 13 20 19 8 12 17 5 9 19 12 10 21 11 14 11 12 10 17 14 15 16 8 19 12 
8 11 0 9 4 6 3 13 8 7 18 9 13 11 10 7 6 9 12 10 9 10 10 10 10 3 4 10 13 8 16 9 11 5 11 5 11 15 1 15 15 10 8 8 5 6 6 15 9 2 
8 16 11 0 10 7 14 9 9 12 11 10 11 2 4 10 7 9 3 12 7 8 11 7 8 4 10 11 14 5 8 10 8 6 7 6 9 8 12 7 10 12 13 19 11 12 12 17 10 13 
7 12 1 10 0 7 4 14 9 8 19 10 14 12 14 8 7 8 13 11 10 11 11 6 7 4 5 11 14 4 17 10 12 6 12 6 12 16 2 16 16 11 9 9 1 7 7 16 10 3 
10 9 10 14 9 0 8 16 2 9 23 14 7 16 18 17 11 6 17 15 3 4 15 9 5 8 6 4 7 7 10 14 13 10 16 10 16 20 6 20 11 12 10 13 10 8 11 17 3 7 
8 12 2 11 1 6 0 15 8 8 20 11 13 13 15 9 8 9 14 12 9 10 12 7 8 5 6 10 13 5 13 11 8 7 13 7 8 17 3 12 17 11 9 5 2 7 8 16 9 4 
7 6 6 9 5 7 4 0 6 11 19 10 14 11 13 13 7 1 12 11 10 11 2 6 2 4 13 11 14 4 8 10 12 6 12 6 12 16 7 16 7 5 3 9 6 11 12 10 10 3 
18 7 17 20 19 23 20 15 0 16 20 22 12 22 14 19 19 16 23 9 13 9 13 17 17 20 16 27 17 15 19 11 12 15 13 18 17 17 18 21 18 19 17 25 16 18 23 14 22 19 
9 4 1 10 5 7 4 14 9 0 19 10 14 12 14 8 7 10 13 11 10 11 11 11 11 4 5 11 14 9 17 10 9 6 12 6 12 16 2 16 16 3 1 9 6 7 7 8 10 3 
5 15 12 12 16 18 15 15 11 16 0 21 14 14 16 8 18 6 15 24 10 11 17 4 5 15 13 22 19 7 7 22 20 17 19 17 23 20 13 6 22 11 17 20 17 15 18 16 21 14 
8 16 13 10 17 17 16 16 12 12 21 0 14 12 14 10 7 9 13 10 14 11 1 7 8 14 17 21 9 5 7 12 8 16 14 18 13 18 14 17 6 15 13 21 18 19 12 15 20 15 
6 15 15 8 14 15 13 9 12 17 19 13 0 10 12 18 11 7 11 20 11 12 11 5 6 12 14 19 5 3 16 18 16 14 15 15 17 16 16 15 16 14 12 18 4 16 16 19 10 12 
6 13 9 8 8 5 12 12 7 9 9 18 9 0 2 8 5 7 1 10 5 6 14 5 6 2 8 9 12 3 6 8 11 4 10 14 7 6 10 5 8 10 10 17 9 10 10 15 8 11 
4 13 9 6 13 13 12 16 10 9 17 18 7 8 0 16 13 5 9 10 3 4 19 3 4 10 6 17 12 1 7 12 13 12 14 14 5 14 10 9 6 8 10 17 11 8 15 13 16 11 
16 7 17 22 21 23 20 19 19 16 26 26 21 24 14 0 14 17 25 15 17 18 13 17 16 20 20 27 8 15 12 17 12 21 19 22 17 23 18 21 11 19 17 25 22 22 19 20 26 19 
2 15 12 8 16 15 15 17 5 11 19 15 19 10 12 18 0 15 11 14 15 16 16 15 16 12 18 19 22 13 16 16 16 14 15 11 17 16 13 15 21 14 12 20 17 20 5 19 18 14 
6 12 10 8 9 14 8 17 5 16 19 19 19 10 12 18 15 0 11 20 15 16 20 5 1 12 14 18 21 3 16 18 16 14 15 15 16 16 11 15 18 12 17 13 10 15 16 17 17 12 
5 12 9 7 13 4 12 17 6 8 18 18 8 9 1 17 4 6 0 11 4 5 19 4 5 1 7 8 11 2 8 13 14 3 15 14 6 15 10 10 7 9 9 17 14 9 9 14 7 11 
13 13 10 15 10 11 9 6 13 9 11 13 8 14 16 10 11 7 15 0 4 5 8 12 8 8 7 15 13 10 14 2 5 6 4 9 10 8 11 14 13 12 10 14 11 9 16 5 14 9 
10 10 7 12 11 13 10 13 15 6 23 16 4 14 16 14 13 11 15 17 0 1 15 9 10 10 3 17 9 7 20 16 10 12 18 12 15 20 8 19 20 9 7 15 8 5 13 14 16 9 
9 18 9 11 13 15 12 12 17 16 22 18 3 13 15 16 15 10 14 19 18 0 14 8 9 12 13 19 8 6 19 18 20 14 20 14 20 19 10 18 19 17 15 17 7 15 15 22 13 11 
8 22 12 14 16 18 15 15 11 18 20 21 13 16 18 19 6 11 17 9 13 10 0 14 10 15 16 22 18 12 6 11 14 15 13 17 8 17 13 12 5 11 19 20 17 18 11 14 21 14 
1 16 8 8 12 14 11 17 7 12 19 17 10 10 12 15 14 2 11 20 6 7 18 0 1 11 9 18 15 3 16 18 16 13 15 13 19 16 9 15 23 7 13 16 13 11 14 12 17 10 
5 13 9 7 8 13 7 16 6 15 18 18 18 9 11 17 14 1 10 19 14 15 19 4 0 11 13 17 20 2 15 17 15 13 14 14 15 15 10 14 17 11 16 12 9 14 15 16 16 11 
5 12 10 11 12 3 11 19 5 12 22 17 10 13 10 17 3 9 14 20 6 7 18 13 8 0 9 7 10 11 11 17 16 2 19 13 6 19 9 10 16 9 13 16 13 11 8 14 6 10 
12 7 4 13 8 10 7 17 12 3 22 13 17 15 17 11 10 13 16 14 13 14 14 14 14 7 0 14 17 12 17 13 7 9 15 9 12 19 5 16 19 6 4 12 9 2 10 11 13 6 
9 9 6 10 5 7 4 14 9 12 19 10 14 12 14 13 7 10 13 11 10 11 11 11 11 4 13 0 3 9 17 10 12 6 12 6 12 16 2 16 16 15 13 9 6 11 7 16 10 3 
8 24 14 8 13 15 12 17 11 20 19 18 10 10 12 18 6 17 11 17 15 16 8 15 16 12 18 19 0 13 14 18 16 13 15 14 17 16 15 15 13 20 21 17 14 19 11 12 18 11 
3 20 10 5 14 12 13 14 9 18 16 19 16 7 9 15 12 4 8 17 12 13 16 2 3 9 15 16 19 0 13 15 13 11 12 15 14 13 11 12 15 9 17 18 15 17 16 14 15 12 
9 19 10 11 9 16 13 13 10 17 10 19 15 13 15 9 16 5 14 11 11 12 15 8 4 13 14 20 23 6 0 9 12 15 11 15 17 7 11 21 20 18 16 18 10 16 16 16 19 12 
11 10 9 13 8 9 8 4 11 8 9 9 6 15 17 8 9 5 16 10 2 3 6 10 6 6 5 13 11 8 12 0 3 8 2 5 8 6 10 12 11 9 7 13 9 7 14 14 12 7 
13 8 5 14 9 11 8 18 13 4 23 14 18 16 18 12 11 14 17 15 14 15 15 15 15 8 9 15 9 13 10 14 0 10 16 10 5 20 6 9 20 7 5 13 10 11 11 12 14 7 
7 24 14 18 13 15 12 22 17 20 14 18 19 20 12 21 15 17 11 22 15 16 19 15 16 12 18 19 22 13 16 18 20 0 20 14 17 24 15 21 18 20 21 17 14 19 20 25 9 11 
9 9 6 11 7 7 6 2 9 5 21 12 14 13 15 13 7 3 14 13 10 11 4 8 4 4 13 11 14 6 10 12 1 6 0 8 6 18 7 10 9 8 6 11 8 13 12 13 10 5 
10 14 13 12 12 13 12 8 9 12 13 4 10 14 8 12 13 4 15 14 6 7 5 9 5 10 9 17 15 7 11 4 7 12 6 0 12 10 14 16 10 13 11 17 13 11 18 18 16 11 
9 15 4 13 8 10 7 18 12 11 15 13 17 15 17 11 10 10 16 16 13 14 14 8 9 7 8 14 17 6 5 14 15 9 16 9 0 12 5 4 19 3 12 12 9 10 10 8 13 6 
9 12 3 12 2 9 6 6 11 10 3 12 8 14 16 2 9 7 15 4 4 5 8 8 8 6 7 13 16 6 10 2 5 8 4 8 10 0 4 9 13 11 9 11 3 9 9 9 12 5 
7 14 4 8 3 5 2 12 7 10 17 8 12 10 12 11 5 8 11 9 8 9 9 9 9 2 11 9 12 7 15 8 10 4 10 4 10 14 0 14 14 13 11 7 4 9 5 14 8 1 
10 20 11 12 10 11 14 14 13 18 11 20 16 14 16 10 11 6 15 12 12 13 16 9 5 8 15 15 18 7 1 10 13 10 12 16 18 8 12 0 21 19 17 19 11 17 16 17 14 13 
10 16 15 12 14 15 13 10 11 14 15 17 8 14 16 14 15 6 15 4 8 5 12 9 5 12 11 19 13 7 1 6 9 10 8 13 14 12 16 18 0 15 13 18 15 13 20 9 18 13 
9 12 1 10 5 7 4 14 9 8 19 10 14 12 14 8 7 10 13 11 10 11 11 11 11 4 5 11 14 9 17 10 12 6 12 6 12 16 2 16 16 0 9 9 6 7 7 5 10 3 
11 3 3 12 7 9 6 16 11 10 21 12 16 14 10 10 9 12 15 13 12 13 13 13 13 6 7 13 16 11 19 12 8 8 14 8 14 18 4 18 18 2 0 11 8 9 9 7 12 5 
11 7 4 13 8 1 7 17 3 3 22 13 8 15 17 11 10 7 16 16 4 5 14 10 6 7 7 5 8 8 8 13 3 9 15 9 3 19 5 7 12 6 4 0 9 2 10 11 4 6 
10 26 16 12 15 17 14 25 16 22 23 9 12 14 16 22 17 11 15 19 19 9 10 9 10 14 22 21 17 7 16 21 22 16 23 16 22 20 12 19 15 16 23 19 0 21 17 21 6 13 
10 5 2 11 6 8 5 15 10 1 20 11 15 13 15 9 8 11 14 12 11 12 12 12 12 5 6 12 15 10 15 11 5 7 13 7 10 17 3 14 17 4 2 10 7 0 8 9 11 4 
11 10 7 3 11 10 10 14 12 6 14 10 14 5 7 13 10 10 6 15 10 11 11 10 11 7 13 14 17 8 11 10 13 9 12 6 12 11 8 10 16 9 7 15 12 15 0 14 13 9 
8 16 6 15 5 10 4 12 12 12 17 8 14 17 12 13 12 8 18 18 10 11 9 13 9 9 13 14 17 11 15 8 11 1 10 4 12 14 7 16 14 15 13 9 6 11 12 0 13 8 
13 20 10 14 9 11 8 18 13 16 23 14 18 16 18 17 11 12 17 12 14 15 15 15 11 8 17 15 18 13 7 14 16 10 16 10 16 20 6 20 8 19 17 13 10 15 11 17 0 7 
6 13 3 12 2 4 1 11 6 9 16 7 11 14 8 10 4 7 15 8 7 8 8 8 8 1 10 8 11 6 14 7 9 3 9 3 9 13 4 13 13 12 10 6 3 8 9 13 7 0 

