50 1

1 1 1 1 1 1 1 1 1 1 1 1 1 1 1 1 1 1 1 1 1 1 1 1 1 1 1 1 1 1 1 1 1 1 1 1 1 1 1 1 1 1 1 1 1 1 1 1 1 1 

0 9 15 8 10 4 10 6 8 11 9 13 8 11 12 14 11 15 7 14 11 16 9 9 10 5 11 3 4 6 10 5 18 17 5 8 7 12 7 5 10 5 15 1 10 10 8 16 8 15 
15 0 12 5 6 7 4 9 9 6 8 15 2 8 3 5 9 13 10 10 7 10 6 11 12 5 8 3 15 7 1 9 14 8 1 8 11 9 8 8 9 8 5 12 5 12 7 10 10 10 
12 8 0 13 14 3 9 5 7 10 12 12 5 16 11 13 10 14 6 12 14 1 8 8 9 8 17 6 16 9 4 11 16 16 9 7 5 11 13 4 9 4 14 13 9 14 6 15 7 14 
14 3 15 0 10 5 2 7 6 7 7 14 5 3 6 8 9 8 8 6 7 11 1 10 6 8 11 6 12 9 4 8 10 11 4 9 6 7 12 6 4 6 8 13 8 8 7 12 9 11 
13 8 10 10 0 8 10 10 5 8 4 13 10 13 7 5 7 12 9 4 11 11 9 9 14 10 6 8 9 6 9 10 8 12 9 12 9 12 2 9 7 6 15 6 7 6 7 10 8 12 
9 5 18 10 11 0 8 2 4 7 9 9 7 13 8 10 7 11 3 9 16 11 7 5 6 10 14 8 13 11 6 8 13 13 6 4 8 8 10 1 6 1 11 10 6 11 5 12 4 11 
13 12 14 17 13 9 0 11 6 9 5 13 5 16 11 13 14 13 12 17 12 13 13 9 15 7 10 6 12 7 4 13 11 16 8 13 10 5 15 10 8 10 15 14 8 11 11 14 8 13 
16 3 16 8 9 10 7 0 11 9 10 16 5 11 6 8 5 16 1 13 10 13 9 12 15 8 12 6 12 10 4 13 17 11 4 2 14 15 8 11 12 11 8 9 8 15 10 13 11 13 
12 6 14 11 9 3 8 5 0 3 5 12 5 10 9 11 8 7 6 13 12 7 7 8 9 6 10 6 6 7 4 7 11 14 7 7 4 11 11 4 2 4 11 7 2 7 5 8 7 7 
13 3 16 8 6 4 7 6 8 0 10 13 5 11 6 8 5 15 3 10 10 4 9 9 6 8 12 6 12 10 4 8 14 11 4 8 5 12 8 5 3 5 8 9 10 4 6 5 8 4 
8 7 9 12 8 4 9 6 1 4 0 8 6 11 6 8 9 8 7 12 7 8 8 4 10 7 5 7 7 2 5 8 6 11 8 8 5 7 10 5 3 5 10 9 3 6 6 9 3 8 
13 9 11 14 6 9 8 11 6 9 5 0 11 10 8 10 14 7 12 10 12 12 7 9 13 10 7 8 12 7 10 13 14 13 1 5 10 12 8 10 8 10 2 12 8 12 11 14 9 13 
11 7 18 12 8 5 11 7 7 4 6 11 0 15 10 12 9 13 8 12 9 8 13 7 10 3 14 1 15 4 8 11 16 15 3 9 11 10 10 6 9 6 13 12 3 8 10 9 6 8 
11 8 12 12 10 2 7 4 6 4 12 11 10 0 3 5 9 13 5 14 12 8 6 7 3 5 8 8 9 7 9 5 18 8 9 6 3 10 10 3 1 3 13 6 8 8 4 9 6 8 
12 8 9 14 10 10 7 12 7 10 9 12 7 16 0 2 11 13 13 14 9 10 6 8 16 10 5 8 14 4 9 7 18 5 9 14 11 11 7 11 9 11 14 11 9 8 4 7 7 14 
13 6 18 12 8 12 5 14 9 6 12 13 8 14 9 0 9 11 9 12 7 10 4 9 12 9 14 9 17 2 7 9 16 14 7 16 10 7 10 13 11 13 11 14 11 6 2 5 8 10 
16 6 16 3 13 8 5 10 11 10 10 16 8 6 9 11 0 11 11 9 14 14 4 12 9 8 12 6 7 9 7 8 13 14 7 12 9 10 8 9 7 9 11 4 13 11 10 15 11 14 
14 11 8 15 13 5 10 7 9 7 15 14 13 3 6 8 12 0 8 17 15 9 9 10 6 8 11 11 12 10 12 8 21 11 12 9 6 13 13 6 4 6 16 9 11 11 7 12 9 11 
18 17 25 22 22 15 18 17 17 14 16 18 19 23 20 22 19 20 0 18 23 18 17 14 11 19 21 20 22 18 18 13 22 25 18 19 21 17 24 16 19 16 20 19 13 20 15 10 13 9 
11 4 14 9 4 12 8 8 9 12 8 11 6 12 7 9 13 16 5 0 15 15 10 7 15 9 10 7 13 10 5 8 4 6 5 10 13 10 6 13 11 13 9 10 11 2 11 8 12 16 
14 8 18 5 14 10 7 12 7 10 6 14 10 8 11 13 2 13 13 18 0 14 6 10 11 10 14 8 9 8 9 2 12 16 9 14 3 13 10 11 9 11 13 6 9 12 4 15 9 14 
11 7 20 12 15 2 10 4 6 9 11 11 9 15 10 12 9 13 5 11 18 0 9 7 8 12 16 10 15 13 8 10 15 15 8 6 10 10 12 3 8 3 13 12 8 13 7 14 6 13 
14 2 14 7 8 8 1 10 5 8 6 14 4 10 5 7 13 7 11 12 13 12 0 10 14 7 10 5 11 8 3 12 16 10 3 12 9 6 10 9 7 9 7 15 7 14 10 12 9 12 
4 13 15 12 10 8 14 10 10 13 9 4 8 14 12 8 15 11 4 14 15 16 13 0 17 5 11 7 8 10 14 9 18 17 5 9 11 3 12 9 12 4 6 5 12 16 10 13 8 17 
14 13 15 18 14 10 15 12 7 10 6 14 12 17 12 14 15 14 13 18 13 14 14 10 0 15 11 13 13 8 11 2 12 17 14 14 11 13 16 11 9 11 16 15 9 12 12 15 9 14 
8 10 18 15 12 8 14 10 10 7 9 8 3 13 13 15 12 10 11 8 12 11 16 4 13 0 14 4 12 7 11 13 12 18 6 12 14 7 14 9 12 3 10 9 6 10 15 12 3 11 
7 9 4 13 11 5 8 7 2 5 6 7 7 12 1 3 10 9 8 7 10 5 7 3 11 8 0 8 11 5 6 8 11 6 8 9 6 6 4 6 4 6 9 8 4 9 5 8 2 9 
10 12 17 13 7 10 15 12 12 9 11 10 5 15 14 12 10 12 13 11 8 13 14 6 15 2 13 0 14 3 13 10 15 19 2 14 11 9 9 11 14 5 12 11 8 7 12 14 5 13 
13 8 14 13 13 9 7 11 6 9 5 13 10 16 11 13 14 13 12 17 12 13 6 9 15 13 10 11 0 7 9 1 11 16 9 13 3 12 15 10 8 10 15 14 8 11 4 14 8 13 
10 13 16 10 6 15 12 17 11 14 10 8 10 13 13 11 7 15 10 10 5 17 11 11 16 7 12 11 14 0 14 7 14 18 9 13 8 5 8 16 14 10 10 11 13 4 9 10 10 18 
12 8 19 13 9 6 12 8 8 5 7 12 1 16 11 13 10 14 9 13 10 9 14 8 11 4 15 2 16 5 0 12 17 16 4 10 12 11 11 7 10 7 14 13 4 9 13 10 7 9 
12 11 13 16 12 8 13 10 5 8 4 12 10 15 10 12 13 12 11 16 11 12 12 8 14 13 9 11 11 6 9 0 10 15 12 12 9 11 14 9 7 9 14 13 7 10 10 13 7 12 
7 7 16 12 13 11 11 4 8 11 7 7 9 14 10 12 9 11 1 9 14 15 13 3 17 8 12 10 11 9 8 12 0 15 8 6 12 6 15 12 10 7 9 8 10 11 13 16 4 15 
13 11 10 10 10 8 12 10 5 8 4 13 2 13 7 9 7 12 11 14 11 11 11 9 14 5 6 3 9 6 9 2 10 0 5 12 9 12 2 9 7 9 15 6 7 10 10 13 8 12 
18 13 15 15 5 13 15 15 10 13 9 18 15 18 12 10 12 17 14 9 16 16 14 14 19 15 11 13 14 11 14 15 13 17 0 17 14 17 7 14 12 11 20 11 12 11 12 15 13 17 
13 15 14 20 17 12 17 14 9 12 8 13 8 18 11 13 17 15 15 13 15 15 16 9 18 5 10 9 13 10 13 14 17 16 11 0 13 12 6 13 11 8 15 10 11 15 14 17 8 16 
17 5 17 10 11 11 4 13 8 11 9 17 7 13 8 10 16 10 7 15 16 15 3 13 17 10 13 8 14 11 6 15 19 13 6 15 0 9 13 12 10 12 10 18 10 17 1 15 12 15 
10 12 20 17 14 10 16 12 12 9 11 10 5 15 15 17 14 12 13 10 14 13 18 6 15 2 16 6 14 9 13 15 14 20 8 14 16 0 16 11 14 5 12 11 8 12 17 14 5 13 
11 9 8 14 10 6 11 8 3 6 2 11 8 13 5 7 11 10 9 14 9 9 10 7 12 8 4 6 7 4 7 8 8 10 8 10 7 10 0 7 5 4 13 4 5 8 8 11 6 10 
8 9 17 14 12 6 11 8 3 6 8 8 8 13 12 14 11 10 9 8 15 10 10 4 5 9 13 9 12 10 7 7 12 17 9 10 7 7 14 0 5 7 10 9 5 10 8 11 3 10 
10 7 19 11 14 1 6 3 5 8 10 10 9 14 10 12 8 12 4 10 17 12 5 6 7 4 15 7 8 12 8 9 14 15 8 5 2 9 11 2 0 2 12 5 7 12 3 13 5 12 
18 12 21 17 11 19 11 15 16 19 15 18 14 20 15 17 20 17 12 7 22 22 10 14 23 10 17 15 20 17 13 15 11 13 13 17 7 8 13 20 18 0 17 17 18 9 8 15 13 23 
12 14 9 18 16 10 13 12 7 10 11 12 11 17 6 8 15 14 13 12 15 10 12 8 16 8 5 6 16 10 11 13 16 11 8 3 11 11 9 11 9 11 0 13 9 14 10 13 7 14 
12 10 19 7 9 12 9 14 9 12 8 12 7 10 13 15 12 14 15 13 10 16 8 8 13 4 15 2 3 5 11 4 17 18 4 16 6 11 11 13 11 7 14 0 11 9 7 17 7 16 
11 4 12 9 7 2 8 4 4 1 3 11 6 12 7 9 6 11 5 11 10 5 10 7 7 9 8 7 10 5 5 9 9 12 5 6 8 10 9 3 6 3 9 10 0 5 9 6 6 5 
6 10 12 12 2 10 12 12 7 10 6 15 12 15 9 7 9 14 6 6 13 13 11 11 16 11 8 9 10 8 11 11 10 14 11 14 11 14 4 11 9 8 17 7 9 0 9 6 10 14 
16 4 16 9 10 10 3 12 7 10 8 16 6 12 7 9 15 9 13 14 15 14 2 12 16 9 12 7 13 10 5 14 18 12 5 14 11 8 12 11 9 11 9 17 9 16 0 14 11 14 
8 9 18 16 12 8 8 10 5 8 10 8 11 13 12 14 13 10 11 8 17 12 7 4 14 9 18 12 12 12 10 13 12 17 9 12 9 7 14 9 7 9 10 9 7 10 5 0 3 12 
5 9 15 14 9 9 13 11 13 16 13 5 11 10 12 14 16 7 5 5 16 16 15 1 13 6 15 8 9 11 10 10 9 11 6 10 13 4 11 10 11 5 7 6 15 7 14 13 0 20 
9 10 17 17 13 9 9 11 6 9 8 9 12 14 13 15 14 11 12 9 15 13 8 5 2 10 13 13 13 10 11 4 13 18 10 13 10 8 15 10 8 10 11 10 8 11 6 1 4 0 

