50 1

1 1 1 1 1 1 1 1 1 1 1 1 1 1 1 1 1 1 1 1 1 1 1 1 1 1 1 1 1 1 1 1 1 1 1 1 1 1 1 1 1 1 1 1 1 1 1 1 1 1 

0 17 2 10 4 11 11 9 1 5 9 6 8 9 8 10 11 12 10 8 11 5 17 13 18 9 5 10 9 9 6 8 12 7 18 11 13 5 6 11 15 2 13 15 17 10 10 9 12 8 
7 0 9 12 11 12 12 11 8 12 11 8 12 10 9 10 12 6 11 9 13 6 17 7 19 10 12 11 10 10 7 10 19 8 3 13 14 9 11 8 17 9 15 23 18 11 5 10 13 9 
10 21 0 8 14 15 15 7 11 7 11 8 15 13 12 12 8 10 11 12 13 14 19 7 22 13 3 14 13 6 10 10 22 11 12 14 12 12 14 15 17 12 11 16 11 6 13 13 12 12 
2 19 4 0 6 13 10 11 3 7 11 8 10 11 10 12 13 2 12 10 6 7 19 6 17 6 7 7 7 11 8 10 14 9 15 13 15 7 8 13 10 4 3 19 14 12 6 11 14 10 
18 23 20 16 0 17 17 15 19 11 15 12 18 18 17 16 17 18 15 17 17 20 23 14 24 18 23 19 18 18 15 14 30 16 26 17 22 17 19 20 21 20 19 31 26 19 19 18 16 17 
13 6 11 13 17 0 12 12 14 18 14 11 9 9 8 10 11 12 11 9 16 6 17 13 19 10 14 11 10 9 7 13 25 8 9 15 13 6 12 12 20 3 16 13 8 11 11 9 12 10 
7 16 9 7 11 10 0 6 8 12 13 10 10 8 7 10 10 9 9 3 15 6 17 16 7 3 12 4 4 8 5 7 19 6 12 14 12 7 9 6 13 9 10 16 11 5 5 8 11 7 
3 14 5 1 7 8 8 0 4 8 12 9 8 6 5 7 8 3 7 5 7 7 14 7 15 6 8 7 6 6 3 11 15 4 15 7 5 5 7 8 11 5 4 19 14 7 6 6 9 5 
11 16 8 9 15 10 10 8 0 4 8 5 7 8 7 9 10 11 9 7 10 4 16 12 17 8 11 9 8 8 5 7 11 6 17 10 12 4 9 10 14 1 12 21 16 9 9 8 11 7 
7 12 9 5 11 6 6 4 8 0 4 1 7 7 6 5 6 7 4 6 6 9 12 12 13 7 12 8 7 7 4 3 19 5 15 6 11 6 8 9 10 9 8 20 15 8 8 7 5 6 
6 17 8 7 10 11 6 7 7 11 0 12 11 9 8 1 11 4 10 4 2 5 8 19 13 9 11 10 3 9 6 7 18 7 15 15 13 8 7 7 6 4 10 16 17 6 4 9 12 5 
6 14 8 4 10 8 5 3 7 11 3 0 6 6 5 4 5 6 3 5 5 8 11 11 12 6 11 7 6 6 3 2 18 4 15 5 10 5 7 8 9 8 7 19 14 7 7 6 4 5 
8 19 10 9 12 13 11 8 9 13 13 10 0 11 10 11 9 11 2 10 15 7 18 5 18 11 13 12 8 7 8 12 20 9 20 16 15 10 5 13 19 10 12 14 19 7 6 11 14 10 
7 17 2 9 11 11 11 11 8 12 14 11 7 0 8 9 11 11 6 8 16 5 8 12 18 7 5 8 9 9 6 13 19 7 15 6 4 5 10 4 12 2 12 20 15 10 5 9 12 8 
8 9 3 7 12 3 10 6 9 13 6 3 8 1 0 7 3 9 6 9 8 6 14 16 17 8 6 9 7 1 7 5 20 8 12 7 5 6 4 5 12 3 10 13 16 11 6 1 4 2 
7 9 9 7 11 12 6 6 8 12 16 13 9 10 9 0 12 9 11 3 13 6 7 16 13 10 12 11 4 10 7 15 19 8 12 16 14 6 11 6 17 3 10 23 18 5 5 10 13 9 
19 30 21 21 23 24 24 20 20 24 28 25 15 22 21 22 0 23 17 21 27 18 29 20 31 22 24 23 22 22 19 19 31 20 22 14 26 21 20 24 31 18 24 12 30 23 17 22 25 21 
12 17 11 10 16 11 11 9 13 17 14 11 11 9 8 15 11 0 13 8 16 11 22 8 18 4 14 5 9 9 6 8 24 7 13 15 13 8 10 11 20 11 13 17 12 10 10 9 12 8 
6 17 8 12 10 11 9 11 7 11 15 12 11 9 8 9 7 14 0 8 12 5 16 16 16 9 11 10 6 5 6 14 18 7 18 14 13 8 3 11 16 8 9 12 17 10 4 9 12 8 
4 15 6 4 8 9 3 3 5 9 13 10 9 7 6 7 9 6 6 0 10 3 14 14 10 7 9 8 1 7 4 12 16 5 16 13 11 6 8 3 14 6 7 20 15 2 2 7 10 6 
4 15 6 5 8 9 4 6 5 9 13 10 9 7 6 7 9 2 11 6 0 3 14 14 11 7 9 8 1 7 4 5 16 5 16 13 11 6 5 9 4 6 8 14 15 8 2 7 10 3 
7 12 6 7 11 6 6 6 8 12 9 6 6 4 3 4 6 9 8 3 11 0 11 11 13 4 9 5 4 4 1 8 19 2 13 10 8 3 5 6 15 6 10 17 12 5 5 4 7 3 
7 16 9 5 11 10 10 4 8 12 13 10 7 8 7 8 10 7 9 7 11 4 0 11 17 8 12 9 8 8 5 12 19 6 7 14 12 4 9 10 15 1 8 21 16 9 9 8 11 7 
11 19 13 9 15 13 10 8 12 16 8 5 11 11 10 9 10 11 8 10 10 13 16 0 17 11 16 12 11 11 8 7 23 9 20 10 15 10 12 13 14 13 12 24 19 12 12 11 9 10 
9 18 11 7 13 12 11 11 10 14 12 9 9 10 9 13 5 9 11 8 14 11 20 14 0 10 14 6 9 3 12 11 21 8 14 8 14 10 10 11 6 11 10 18 13 10 10 10 13 11 
8 13 7 6 12 7 7 5 9 13 10 7 7 5 4 11 7 8 9 4 12 7 18 13 14 0 10 1 5 5 2 4 20 3 9 11 9 4 6 7 16 7 9 13 8 6 6 5 8 4 
10 15 9 10 14 9 9 9 11 15 12 9 9 7 6 13 9 12 11 6 14 9 20 14 16 7 0 8 7 7 4 11 22 5 16 13 11 6 8 9 18 9 13 20 15 8 8 7 10 6 
11 20 13 11 15 14 4 10 12 16 11 8 14 12 11 12 10 13 11 7 13 10 19 12 11 7 16 0 8 12 9 10 23 10 8 14 16 11 9 10 17 13 14 12 7 9 9 6 9 7 
3 14 5 9 7 8 3 8 4 8 12 9 8 6 5 6 8 11 10 5 14 2 13 13 10 6 8 7 0 6 3 11 15 4 15 12 10 5 7 8 18 5 12 19 14 7 1 6 9 5 
12 16 14 10 16 16 6 9 13 17 9 6 12 12 13 10 2 12 9 9 11 12 17 17 13 9 17 10 10 0 11 8 24 12 18 11 16 13 12 12 15 14 13 22 17 11 11 14 10 13 
6 11 5 6 10 5 5 5 7 11 8 5 5 3 2 9 5 8 7 2 10 5 16 10 12 3 8 4 3 3 0 7 18 1 12 9 7 2 4 5 14 5 9 16 11 4 4 3 6 2 
4 8 6 2 8 9 9 1 5 9 13 10 9 4 6 14 9 4 10 6 8 9 12 8 16 7 9 8 7 7 4 0 16 5 11 10 8 6 8 9 12 6 5 20 15 8 8 7 10 6 
10 11 5 9 14 5 10 8 11 15 8 5 6 3 2 9 5 11 8 7 10 8 16 11 17 3 8 4 8 3 5 7 0 1 12 9 7 3 6 10 14 5 12 16 11 9 8 3 6 4 
9 10 4 8 13 4 9 7 10 14 7 4 5 2 1 8 4 10 7 6 9 7 15 10 16 2 7 3 7 2 4 6 21 0 11 8 6 2 5 9 13 4 11 15 10 8 7 2 5 3 
11 18 12 9 15 12 12 8 12 16 8 5 11 10 9 9 10 3 8 9 10 6 16 4 19 7 15 8 10 10 7 7 23 8 0 10 14 9 11 12 14 13 12 20 15 11 11 10 9 9 
5 16 7 7 9 10 10 6 6 10 14 11 1 8 7 8 10 9 3 7 13 4 15 6 17 8 10 9 8 8 5 5 17 6 17 0 12 7 6 10 17 7 10 15 16 9 3 8 11 7 
3 14 5 5 7 8 8 8 4 8 12 9 3 6 5 6 8 7 2 5 11 2 13 8 15 3 8 4 6 6 3 7 15 4 12 2 0 5 5 8 8 5 8 16 11 7 1 6 9 5 
11 9 4 17 15 16 14 16 12 16 20 17 3 14 13 14 16 15 5 13 17 10 21 8 21 14 7 15 11 14 11 19 23 12 12 19 18 0 8 16 21 13 14 17 22 15 9 14 17 13 
6 17 8 12 10 11 6 11 7 11 15 12 11 9 8 9 11 11 13 8 9 5 16 16 13 9 11 10 3 9 6 14 18 7 18 11 13 8 0 11 13 8 6 9 17 10 4 9 12 8 
9 16 10 7 13 10 17 13 10 14 13 10 15 8 7 14 10 9 13 15 15 14 21 13 24 16 13 17 14 8 13 12 21 14 19 14 12 15 11 0 19 11 10 20 24 17 13 8 11 9 
3 12 5 1 7 6 11 9 4 8 9 6 7 4 3 10 6 3 9 8 7 8 17 12 7 4 8 5 8 4 6 8 15 2 13 10 8 4 4 11 0 5 4 17 12 10 9 4 7 5 
10 15 9 10 14 9 9 9 11 15 12 9 6 7 6 7 9 12 8 6 14 3 14 11 16 7 12 8 7 7 4 11 22 5 16 13 11 3 8 9 18 0 13 20 15 8 8 7 10 6 
7 18 9 8 11 12 7 9 8 12 16 13 12 10 9 10 12 5 14 9 3 6 17 17 14 10 12 11 4 10 7 8 19 8 19 16 14 9 8 12 7 9 0 17 18 11 5 10 13 6 
7 18 9 9 11 12 12 8 8 12 16 13 3 10 9 10 2 11 5 9 15 6 17 8 19 10 12 11 10 10 7 7 19 8 19 2 14 9 8 12 19 6 12 0 18 11 5 10 13 9 
8 19 10 6 12 13 6 9 9 13 9 6 8 11 10 10 7 4 10 10 11 7 17 5 13 9 13 10 11 11 8 8 20 9 1 7 15 10 9 13 15 10 9 5 0 12 12 6 9 7 
4 15 6 2 8 9 9 1 5 9 13 10 9 7 6 12 9 4 4 6 8 8 19 8 16 7 9 8 7 7 4 12 16 5 16 8 6 6 8 9 12 6 5 20 15 0 7 7 10 6 
2 13 4 8 6 7 7 7 3 7 11 8 7 5 4 5 7 10 9 4 13 1 12 12 14 5 7 6 5 5 2 10 14 3 14 11 9 4 6 7 17 4 11 18 13 6 0 5 8 4 
8 16 10 6 12 10 9 5 9 13 5 2 8 8 7 6 4 8 5 7 7 8 13 13 16 8 13 9 6 8 5 4 20 6 17 7 12 7 3 10 11 10 9 12 16 9 7 0 3 1 
6 17 8 4 10 11 11 3 7 11 15 12 5 9 8 11 1 3 2 8 10 7 18 10 18 9 11 10 9 9 6 14 18 7 18 10 8 8 5 11 14 8 7 14 17 10 6 9 0 8 
8 19 10 14 12 13 8 13 9 13 17 14 13 11 10 11 13 13 15 10 11 7 8 19 15 11 13 12 5 11 8 16 20 9 15 13 15 10 2 13 15 9 8 11 19 12 6 11 14 0 

