50 1

1 1 1 1 1 1 1 1 1 1 1 1 1 1 1 1 1 1 1 1 1 1 1 1 1 1 1 1 1 1 1 1 1 1 1 1 1 1 1 1 1 1 1 1 1 1 1 1 1 1 

0 10 4 2 7 10 12 10 6 13 15 14 9 4 11 13 13 8 12 8 11 12 10 11 1 14 13 12 11 5 19 5 8 19 14 14 12 7 9 11 18 7 16 11 7 10 19 18 5 4 
20 0 16 16 9 16 22 18 20 19 16 21 15 13 18 30 20 17 18 14 21 19 16 20 21 20 21 14 17 22 25 17 15 25 20 26 18 17 11 19 24 15 6 25 19 12 20 24 17 15 
17 7 0 5 9 7 9 9 9 11 10 10 12 5 7 14 8 4 10 5 12 8 8 12 12 12 12 8 9 14 21 1 4 17 12 10 14 8 5 10 8 6 13 14 3 6 7 16 1 6 
16 13 20 0 11 12 15 15 16 15 12 17 11 9 14 24 11 13 12 11 9 15 12 16 17 10 18 10 11 18 21 21 11 19 12 28 14 5 7 17 18 12 17 21 19 8 16 14 19 2 
23 10 20 17 0 13 15 13 15 17 18 16 18 11 13 26 14 15 14 15 18 20 14 18 21 16 22 23 15 18 27 7 14 23 18 24 20 14 27 13 20 16 16 20 9 20 13 10 15 16 
7 10 11 6 7 0 11 12 10 13 13 11 9 11 8 20 7 2 8 8 5 13 10 10 8 10 15 16 7 12 19 12 14 15 8 21 12 1 20 13 14 9 13 15 13 11 17 14 12 9 
18 11 16 10 9 14 0 13 10 4 9 13 13 11 17 13 9 10 9 9 14 8 14 18 9 11 7 11 8 11 14 9 15 16 5 26 7 10 15 14 7 10 14 15 11 16 13 15 17 7 
16 10 20 10 11 12 15 0 17 15 17 12 11 11 18 13 11 13 14 8 17 7 12 18 17 13 15 10 13 5 21 12 16 21 16 15 14 13 14 13 7 9 16 22 14 13 21 17 21 9 
8 8 6 2 7 4 12 4 0 7 9 8 3 11 6 18 8 5 6 6 9 7 4 18 9 8 7 10 5 6 13 7 5 13 8 16 6 5 14 5 12 1 11 5 9 5 13 12 7 4 
14 11 12 8 8 10 8 10 6 0 13 9 9 12 9 21 5 11 9 9 10 4 7 19 13 8 11 7 8 7 10 10 11 16 1 22 3 6 11 11 15 7 14 11 11 12 6 12 13 3 
18 9 22 9 8 13 6 11 15 8 0 7 13 12 13 19 13 15 7 7 15 12 5 19 12 9 14 15 6 14 18 8 10 14 9 27 11 11 19 12 13 8 12 13 9 15 4 13 18 8 
16 12 14 10 12 6 12 12 8 14 6 0 11 19 6 25 7 8 13 10 11 15 11 16 17 15 15 18 12 7 21 15 13 20 15 24 14 7 22 13 19 9 18 6 2 13 10 19 15 11 
5 5 9 5 4 1 9 7 6 4 12 9 0 9 9 15 5 2 3 3 6 4 1 16 6 5 10 7 2 7 10 10 5 10 5 19 3 2 11 8 9 4 8 11 11 2 10 9 10 4 
20 11 16 8 13 13 14 13 21 16 18 15 15 0 21 21 12 15 9 9 18 19 13 7 18 11 16 22 11 6 25 17 14 19 17 20 18 14 21 5 15 10 17 26 17 17 12 15 11 10 
10 10 8 4 9 6 11 6 2 9 5 3 5 13 0 20 10 7 8 8 11 9 6 20 11 10 9 12 7 8 15 9 7 15 10 18 8 7 16 7 14 3 13 7 5 7 9 14 9 6 
18 10 16 2 9 11 15 4 10 17 9 12 13 11 11 0 13 6 8 8 11 11 14 18 9 10 7 12 7 9 23 9 13 15 18 10 16 7 9 5 14 1 13 9 7 10 13 14 11 4 
10 15 14 12 5 18 4 17 14 8 13 17 17 14 21 17 0 19 13 13 18 12 18 21 11 15 11 15 12 15 18 13 18 20 9 24 11 14 19 18 11 14 18 19 15 20 17 19 15 11 
12 12 16 12 11 8 15 14 13 11 19 16 7 16 16 22 12 0 10 10 13 11 8 8 13 12 17 14 9 14 17 17 12 17 12 26 10 9 18 15 16 11 15 18 18 9 13 16 17 11 
11 5 9 5 10 7 11 7 12 10 12 15 6 10 16 12 11 8 0 3 12 10 7 17 12 2 10 11 8 13 16 10 12 16 11 19 9 8 8 9 6 4 11 17 12 9 16 6 10 4 
14 2 12 2 9 10 15 4 13 13 9 12 9 13 11 20 10 11 8 0 8 13 10 20 9 5 7 14 7 9 19 9 15 15 14 22 12 4 11 5 14 1 8 9 7 12 13 9 13 1 
12 7 16 1 7 13 6 16 16 10 13 20 12 10 23 19 2 14 15 12 0 14 13 17 13 11 13 11 14 17 20 15 12 22 11 26 13 6 8 18 13 13 13 21 17 9 17 15 17 3 
9 9 8 9 4 5 13 11 10 8 12 5 4 9 11 19 9 6 7 7 10 0 5 16 10 9 14 3 6 11 14 9 9 14 9 18 7 6 7 12 13 8 12 15 7 6 16 13 9 2 
13 4 17 4 3 9 11 6 9 3 11 12 8 12 16 14 8 10 2 2 10 7 0 19 7 4 9 10 1 10 13 11 13 9 4 22 6 6 14 7 8 3 7 14 11 10 9 8 13 3 
13 7 11 7 9 9 7 9 14 9 14 8 8 12 14 14 13 10 2 5 14 12 6 0 14 4 12 13 7 15 18 9 14 15 10 21 11 10 10 11 8 6 13 19 10 11 5 8 12 6 
11 14 15 1 7 13 16 16 17 16 13 18 12 10 15 27 12 14 15 12 10 16 13 17 0 11 19 11 14 19 22 16 12 22 17 25 15 6 8 18 21 13 20 22 18 9 17 15 16 3 
9 3 7 3 8 5 9 5 10 8 10 13 4 8 14 19 9 6 7 1 10 8 5 15 10 0 8 9 6 11 14 8 10 14 9 17 7 6 6 7 13 2 9 15 10 7 14 4 8 2 
18 11 16 3 2 8 8 13 10 10 2 9 13 6 8 21 10 10 9 9 8 14 7 13 2 11 0 13 8 12 20 2 14 16 11 26 13 4 10 14 15 10 14 15 4 11 6 15 17 5 
13 11 17 11 1 9 15 13 14 12 9 15 8 6 14 23 13 10 11 9 14 12 9 13 14 13 16 0 10 13 18 8 8 18 13 27 11 10 4 14 17 10 16 12 10 5 13 17 18 10 
12 3 10 3 2 8 16 5 13 11 10 13 7 11 14 13 11 9 1 1 9 11 8 18 10 3 8 14 0 10 17 11 12 8 12 20 10 5 13 6 7 2 6 10 10 9 14 7 11 2 
17 5 15 5 12 7 10 7 15 16 12 15 12 11 13 17 6 9 11 3 12 16 13 18 12 8 10 17 10 0 22 7 18 18 17 10 15 8 14 8 17 4 11 12 9 15 16 12 16 4 
13 8 11 4 3 9 9 9 5 7 3 6 8 2 3 18 7 10 6 6 5 11 4 9 3 8 1 14 5 8 0 3 10 13 8 21 10 5 18 10 12 6 11 10 5 10 7 12 12 7 
16 11 14 10 10 6 8 12 8 10 11 9 11 4 6 13 7 8 9 9 11 14 7 11 17 11 15 17 8 10 20 0 13 16 11 24 13 7 21 9 7 9 14 13 2 13 6 15 15 10 
17 3 15 3 7 13 16 5 18 16 10 13 12 14 16 18 11 12 6 1 9 16 13 21 10 8 8 19 5 10 22 10 0 13 17 25 15 5 18 6 12 2 9 10 12 6 14 12 16 2 
16 12 14 10 9 6 11 12 8 15 10 9 11 7 6 26 7 8 14 10 11 15 12 14 17 16 15 8 13 14 21 15 9 0 16 24 14 7 5 13 20 9 18 13 2 6 14 20 15 11 
17 13 21 9 12 13 15 15 18 16 20 13 12 17 19 24 11 14 12 11 9 8 13 24 18 10 18 11 11 19 22 20 17 19 0 28 15 5 15 17 18 12 17 23 15 14 24 14 19 2 
17 6 15 3 6 7 12 11 9 16 12 10 12 11 7 7 8 9 15 14 12 16 13 18 2 17 14 5 14 15 22 13 13 22 17 0 15 8 9 12 21 8 6 14 3 10 16 21 16 5 
11 9 9 5 5 7 6 7 3 10 10 6 6 9 6 21 2 8 9 7 12 1 7 16 10 11 8 4 8 4 7 10 8 16 11 19 0 8 8 8 15 4 14 8 8 9 14 15 10 3 
18 9 16 5 8 14 10 11 10 14 13 11 13 17 8 19 6 15 7 7 4 17 14 24 16 9 14 20 6 16 23 17 15 14 7 26 16 0 19 12 13 8 12 15 13 15 17 13 17 8 
9 7 13 7 4 5 11 9 9 8 5 10 4 2 7 19 9 6 7 5 10 8 5 9 10 9 12 3 6 11 14 14 4 14 9 23 7 6 0 10 13 6 12 14 12 1 9 13 14 6 
18 9 11 9 8 14 22 11 20 17 16 19 13 16 18 19 17 15 7 7 15 17 14 23 16 9 14 19 6 16 23 12 9 14 18 15 16 11 16 0 13 8 12 16 14 15 20 13 6 8 
10 10 14 8 9 6 14 10 11 9 15 14 5 4 14 6 10 7 8 8 11 9 6 11 11 10 13 12 7 12 15 15 10 15 10 24 8 7 16 11 0 7 13 16 16 7 19 14 15 9 
17 9 15 1 8 13 14 3 16 16 8 11 12 10 14 19 12 10 7 7 10 10 13 17 8 9 6 11 6 8 22 8 12 14 17 19 15 6 8 4 13 0 12 8 10 9 12 13 10 3 
27 17 10 17 19 17 19 19 19 21 20 20 22 15 17 24 18 14 20 15 22 18 18 22 22 22 22 18 19 24 31 11 14 27 22 20 24 18 15 20 18 16 0 24 13 16 17 26 11 16 
14 6 18 6 13 9 15 8 11 13 9 3 9 12 9 18 10 2 12 4 12 13 10 10 13 9 11 16 11 1 19 8 14 19 14 11 12 8 15 9 18 5 12 0 5 11 13 13 19 5 
14 14 12 8 13 4 9 10 6 13 9 7 9 17 4 24 5 6 12 12 9 13 10 14 15 14 13 16 11 12 19 13 11 19 14 22 12 5 20 11 18 7 17 11 0 11 13 18 13 10 
20 6 18 6 9 16 19 8 21 19 13 16 15 14 19 21 14 15 9 4 12 19 16 21 13 11 11 8 8 13 25 13 3 16 20 28 18 8 12 9 15 5 12 13 15 0 17 15 19 5 
14 5 18 5 4 9 2 7 11 4 9 3 9 8 9 15 9 11 3 3 11 8 1 15 8 5 10 11 2 10 14 4 14 10 5 23 7 7 15 8 9 4 8 9 5 11 0 9 14 4 
15 9 10 9 14 11 5 3 15 9 16 18 10 14 17 16 14 12 4 7 16 13 11 21 16 6 14 16 12 8 19 11 8 20 10 14 12 12 15 3 10 8 15 20 13 12 15 0 5 8 
16 6 5 6 10 12 14 8 14 15 13 12 11 10 12 21 14 9 9 4 12 7 12 17 11 11 11 10 8 13 21 6 3 16 16 9 14 8 14 9 15 5 12 19 8 9 12 15 0 5 
17 11 21 8 11 13 13 13 13 16 16 14 12 16 11 22 9 14 10 9 7 16 13 23 18 8 16 17 9 19 22 18 18 17 10 26 15 3 14 15 16 10 15 18 16 15 20 12 17 0 

