50 1

1 1 1 1 1 1 1 1 1 1 1 1 1 1 1 1 1 1 1 1 1 1 1 1 1 1 1 1 1 1 1 1 1 1 1 1 1 1 1 1 1 1 1 1 1 1 1 1 1 1 

0 19 11 11 16 10 24 11 13 13 10 12 8 8 9 14 15 11 10 25 15 11 13 10 16 6 5 13 18 15 14 20 12 11 8 17 9 7 22 13 8 16 19 11 11 14 7 13 11 14 
10 0 8 10 9 1 13 6 10 4 7 7 8 7 7 6 12 7 5 6 4 8 7 8 7 5 5 6 6 10 11 15 6 1 4 6 9 7 3 1 5 8 8 9 2 3 6 4 2 9 
12 21 0 10 6 3 13 4 2 6 7 4 12 10 7 8 4 9 7 14 4 13 9 8 9 8 10 7 10 7 11 14 10 11 10 6 14 12 17 9 5 10 8 13 4 8 9 6 4 8 
15 20 7 0 14 10 20 11 9 13 6 8 11 9 11 11 11 8 15 18 11 8 10 12 16 11 10 11 14 11 10 17 14 15 5 10 14 12 23 10 4 13 15 17 11 12 12 14 11 11 
14 19 15 11 0 6 17 11 17 5 14 12 12 8 10 10 19 7 14 16 19 7 9 11 8 10 9 9 18 15 18 16 13 20 4 11 13 11 22 3 12 12 12 15 7 10 3 9 7 10 
9 17 9 9 8 0 11 7 11 3 7 6 13 6 7 5 13 6 9 12 13 10 6 8 6 5 10 5 12 9 16 11 9 13 7 5 14 12 16 11 10 7 6 15 1 6 6 3 1 5 
16 18 4 10 2 7 0 8 6 6 7 1 12 7 7 12 4 9 12 24 8 9 11 8 9 12 10 11 7 4 11 16 10 8 6 10 14 12 17 5 5 14 12 10 8 12 5 10 8 10 
18 23 6 6 14 9 19 0 8 12 12 12 18 12 13 14 10 11 13 18 10 14 15 14 15 14 16 11 7 15 17 16 15 19 11 12 20 18 22 17 11 8 14 10 10 12 12 9 10 10 
14 22 14 14 13 5 15 6 0 8 12 11 18 11 12 10 18 11 5 17 11 15 11 13 11 10 15 10 13 14 18 16 14 18 12 10 19 17 10 16 12 12 15 16 6 11 11 8 6 10 
17 22 15 20 21 18 28 16 10 0 10 16 19 17 16 23 19 21 15 28 19 23 22 17 3 24 19 22 17 14 18 11 17 23 23 21 23 21 25 23 12 25 23 20 19 14 22 21 19 20 
16 18 8 10 13 11 15 12 10 14 0 12 13 7 7 12 12 10 12 17 12 15 11 8 17 13 10 10 18 15 19 15 6 13 12 9 14 12 13 16 13 14 10 16 5 11 11 12 10 9 
15 17 3 9 9 6 16 7 5 9 6 0 11 6 10 11 7 10 11 23 7 13 12 11 12 13 13 10 6 3 10 15 13 7 10 9 17 15 20 12 4 13 11 9 7 11 11 9 7 9 
21 11 14 14 18 12 24 8 16 15 16 18 0 11 8 17 15 18 16 17 15 4 16 9 18 16 11 15 17 21 14 26 11 12 15 14 15 13 14 12 14 19 19 20 13 14 17 15 13 20 
18 11 10 3 10 12 8 14 12 14 9 9 14 0 14 14 12 11 16 17 14 11 13 15 17 14 17 14 15 12 13 20 17 12 8 13 21 19 14 12 7 16 18 18 13 15 13 15 13 14 
13 14 9 6 10 10 20 6 6 13 8 12 6 3 0 9 13 11 5 20 11 11 8 1 16 6 3 7 15 15 12 20 3 10 8 6 7 5 10 13 6 11 15 9 11 8 7 9 7 14 
4 16 9 8 8 12 14 8 8 15 7 6 8 5 2 0 13 13 7 12 13 14 1 3 18 8 5 5 12 9 14 9 5 12 10 8 9 7 12 11 8 2 9 11 10 6 9 3 9 15 
16 17 12 9 12 13 14 9 9 2 11 10 9 6 3 12 0 14 8 16 14 14 11 4 5 9 6 9 16 13 15 23 6 13 11 9 10 8 13 15 9 14 18 12 14 10 10 7 10 17 
15 12 11 4 11 7 9 8 13 10 10 10 12 1 6 11 13 0 7 18 15 8 10 7 13 3 9 7 16 13 14 9 9 13 5 12 13 11 15 10 8 13 13 15 8 8 4 10 8 3 
19 24 7 7 15 10 20 1 9 13 13 13 20 13 14 15 11 12 0 19 11 15 16 15 16 15 17 12 8 16 18 17 16 20 12 13 21 19 23 18 12 9 15 11 11 13 13 10 11 11 
23 25 12 12 17 15 20 6 14 10 14 17 17 14 11 19 8 17 16 0 11 2 20 12 13 20 14 14 13 20 12 22 14 21 19 13 18 16 10 20 12 21 15 16 16 15 18 18 16 16 
12 16 4 8 6 7 9 8 6 10 3 6 8 5 8 8 8 13 11 10 0 12 9 9 13 12 11 3 12 9 7 21 7 13 10 2 15 8 14 9 1 10 4 15 8 4 9 11 8 15 
22 27 10 10 18 13 23 4 12 13 16 16 20 16 14 18 11 15 17 22 14 0 19 15 16 18 17 15 11 19 10 20 17 23 15 16 21 19 24 21 15 12 18 14 14 16 16 13 14 14 
5 15 10 7 9 11 15 7 7 14 6 7 7 4 1 1 14 12 6 13 12 12 0 2 17 7 4 6 13 10 13 21 4 11 9 7 8 6 11 12 7 3 10 10 12 7 8 4 8 15 
17 13 10 5 12 9 10 10 5 12 11 7 6 2 8 13 14 10 9 19 14 10 12 0 15 5 11 14 13 10 15 19 11 14 7 16 15 5 16 14 9 15 18 16 10 15 6 12 10 13 
14 19 12 19 18 15 25 13 7 18 7 13 19 16 13 20 16 21 12 25 16 27 19 14 0 20 16 19 19 16 15 8 14 20 22 18 20 18 22 20 9 22 20 22 16 11 21 18 16 22 
12 17 12 9 12 4 15 5 9 7 11 10 9 6 3 8 16 5 4 16 14 5 7 4 10 0 6 9 16 13 15 14 6 13 2 9 10 8 13 7 9 10 10 12 5 10 1 7 5 8 
18 14 6 16 12 9 19 10 8 12 5 7 3 13 12 14 10 17 13 20 10 7 15 13 15 14 0 13 13 10 9 22 11 15 16 12 4 2 17 15 3 16 14 6 10 14 15 12 10 16 
9 19 14 11 3 9 15 11 11 8 13 12 11 8 5 10 18 10 10 7 12 9 9 6 11 13 8 0 18 15 17 15 4 11 7 7 12 10 11 6 11 12 10 14 5 1 6 10 8 9 
16 16 6 4 10 8 19 10 8 12 5 7 10 5 10 12 10 4 11 14 10 9 11 11 15 7 13 7 0 10 9 9 11 14 6 12 17 15 19 13 3 14 14 3 9 8 5 11 9 3 
16 14 4 6 9 7 17 8 6 10 3 5 8 3 11 12 8 7 14 13 8 12 13 12 13 10 14 6 3 0 7 12 10 12 9 10 18 16 17 12 1 14 12 6 8 7 8 10 8 6 
17 18 13 10 14 8 19 10 10 3 12 14 10 7 4 13 1 14 9 24 15 15 12 5 6 13 7 11 20 17 0 19 7 14 12 10 11 9 14 17 10 15 14 13 9 12 11 11 9 13 
6 11 13 11 15 12 13 11 11 15 13 10 11 8 5 12 17 16 10 17 15 16 13 6 7 11 8 12 16 13 17 0 8 12 13 11 12 10 14 12 11 14 8 14 13 13 12 15 13 19 
10 15 10 7 7 12 17 7 7 16 9 9 7 4 1 6 14 13 6 11 8 13 5 2 19 8 4 4 12 12 13 21 0 7 10 3 8 6 7 10 7 8 12 10 9 5 9 6 4 15 
13 18 10 10 12 13 23 5 12 16 9 11 7 7 9 9 14 6 4 16 14 6 8 10 19 9 4 9 5 14 13 14 12 0 3 8 8 6 21 8 7 11 18 8 14 10 10 12 14 8 
10 15 15 7 9 10 16 7 12 13 14 12 12 4 6 6 19 3 10 13 19 3 5 7 16 6 9 6 18 15 18 12 9 16 0 5 13 11 18 5 12 8 16 15 11 7 7 9 11 6 
10 20 15 12 4 10 16 12 12 9 14 13 12 9 6 11 19 11 11 8 13 10 10 7 12 14 9 1 19 16 18 16 5 12 8 0 13 11 12 7 12 13 11 15 6 2 7 11 9 10 
10 25 15 13 19 17 28 16 17 21 14 16 18 14 19 21 19 13 20 10 19 12 20 20 24 16 15 16 9 19 18 18 20 23 15 21 0 17 28 22 12 23 23 12 18 17 14 20 18 12 
22 12 15 15 19 13 25 9 17 16 17 19 1 12 9 18 19 19 17 18 16 5 17 10 19 17 12 16 18 22 21 27 12 13 16 15 16 0 15 13 15 20 20 21 14 17 16 16 14 21 
13 17 5 9 7 8 10 9 7 11 4 7 9 6 9 9 9 14 12 11 1 13 10 10 14 13 12 4 13 10 8 22 8 14 11 3 16 9 0 10 2 11 5 16 9 5 10 12 9 16 
16 21 13 13 12 8 14 9 15 11 13 10 13 10 7 12 17 9 8 8 17 10 11 8 14 4 10 9 8 13 17 17 10 17 6 13 14 12 17 0 11 14 14 11 9 10 5 7 5 11 
15 18 3 13 9 6 16 7 5 9 2 4 7 10 9 11 7 14 10 17 7 11 12 10 12 11 12 10 10 7 6 19 8 11 13 9 16 14 15 12 0 13 11 13 7 11 12 9 7 13 
15 15 7 7 6 10 12 11 9 13 10 4 14 4 8 11 11 13 15 10 11 12 12 6 16 16 11 3 10 7 14 19 7 11 10 10 15 13 14 9 8 0 7 13 8 4 9 1 11 13 
8 16 5 12 7 8 5 9 7 11 5 2 5 9 6 4 9 12 13 22 9 9 5 7 14 15 9 9 8 5 9 17 9 9 11 11 13 4 19 10 3 6 0 11 9 10 10 7 9 11 
18 23 12 15 15 15 17 15 14 18 2 14 15 12 9 14 16 15 14 19 16 21 13 10 21 18 12 12 11 8 15 20 8 15 17 11 16 14 15 18 9 16 12 0 7 13 16 14 12 14 
13 17 10 9 8 9 10 13 12 12 10 7 10 6 10 9 14 5 12 12 14 10 10 11 15 8 13 5 13 10 14 10 9 14 7 4 17 9 16 11 8 11 5 16 0 6 6 12 10 4 
13 18 14 10 10 13 14 10 10 16 14 11 10 7 4 9 18 9 9 14 11 16 8 5 19 12 7 7 17 14 18 14 3 10 11 6 11 9 10 13 12 11 9 13 4 0 10 9 7 8 
11 16 12 8 11 3 14 8 14 6 15 9 13 5 7 7 16 4 11 15 16 4 6 8 9 7 10 8 15 12 19 13 10 17 1 8 14 12 19 6 13 9 9 18 4 9 0 6 4 7 
11 14 6 6 5 9 7 10 8 12 9 3 13 3 7 12 10 12 14 9 10 11 11 8 15 15 10 2 9 6 13 18 6 10 9 9 14 12 13 8 7 14 14 12 7 3 8 0 10 12 
10 16 8 8 7 8 9 9 10 11 6 5 14 5 8 6 12 9 8 11 12 9 7 9 14 4 11 4 11 8 15 18 8 12 6 11 15 13 15 10 9 8 16 14 9 5 5 2 0 12 
13 13 12 5 7 5 16 9 14 8 11 11 13 2 7 9 16 1 8 11 16 6 8 8 11 4 10 4 17 14 15 6 8 14 3 11 14 12 16 10 9 11 11 16 6 5 2 8 6 0 

