50 1

1 1 1 1 1 1 1 1 1 1 1 1 1 1 1 1 1 1 1 1 1 1 1 1 1 1 1 1 1 1 1 1 1 1 1 1 1 1 1 1 1 1 1 1 1 1 1 1 1 1 

0 18 21 20 18 22 17 28 16 17 7 18 16 22 14 13 19 22 23 25 16 19 22 27 14 20 15 20 13 26 7 22 23 22 26 22 23 27 21 27 21 15 24 18 18 17 21 17 23 19 
10 0 3 13 3 7 8 12 9 11 9 6 10 11 8 6 7 7 11 9 10 12 13 15 10 15 9 10 11 11 6 10 8 4 5 10 8 16 6 12 6 5 12 13 6 10 15 5 11 4 
7 8 0 10 7 8 5 16 6 6 7 3 11 8 12 3 11 11 15 13 14 9 10 12 14 19 13 10 15 12 10 7 12 12 11 7 10 13 10 16 10 4 10 17 8 11 11 2 8 8 
14 9 12 0 9 13 8 19 13 8 6 10 7 13 5 10 10 13 14 16 7 1 13 19 16 14 6 2 4 17 15 14 14 13 18 15 14 18 12 18 12 6 15 12 15 5 9 10 15 10 
11 6 9 13 0 4 8 9 11 8 6 12 7 13 5 8 4 4 8 6 7 14 13 13 7 12 6 7 8 8 8 16 5 10 11 16 5 18 3 9 3 11 9 10 6 10 12 11 13 1 
14 12 15 18 9 0 13 18 13 7 15 11 16 16 14 10 13 13 17 15 16 16 18 13 16 21 15 17 17 4 17 15 14 16 19 15 2 21 12 18 12 6 18 19 11 12 10 10 9 10 
13 3 6 16 6 9 0 14 12 14 7 9 13 14 11 9 5 10 9 11 13 15 5 10 13 17 12 13 13 13 9 13 11 7 8 13 11 19 9 15 9 8 10 15 9 9 13 8 6 7 
10 5 8 14 5 9 9 0 9 4 11 7 3 9 1 6 9 9 13 11 3 8 14 16 12 10 11 9 13 13 3 11 10 1 10 11 10 14 8 14 8 2 14 8 11 15 17 6 12 6 
1 7 10 20 10 14 15 19 0 18 8 13 5 11 15 13 14 14 18 16 17 3 20 22 17 22 16 4 14 18 13 17 15 11 12 17 15 16 13 19 13 9 19 20 2 6 11 12 18 11 
17 13 10 20 15 18 15 24 16 0 17 13 13 18 11 13 19 19 23 21 13 19 20 22 22 20 12 20 10 22 19 17 12 17 21 17 20 23 18 24 18 12 20 18 18 21 21 12 18 16 
16 11 14 20 11 15 10 20 15 10 0 13 9 15 7 12 15 15 19 17 9 18 15 22 18 16 8 14 6 19 17 17 16 15 16 17 16 20 14 20 14 8 20 14 17 21 23 12 18 12 
12 12 15 7 15 8 9 12 17 15 4 0 14 20 12 14 9 19 13 15 14 8 14 9 16 21 13 9 11 12 15 4 20 13 8 22 10 18 18 24 12 14 7 19 7 8 17 17 5 16 
12 2 5 15 5 9 10 14 11 13 11 8 0 6 10 8 9 9 13 11 12 14 15 17 12 17 11 12 13 13 8 12 10 6 7 12 10 11 8 14 8 4 14 15 8 12 17 7 13 6 
15 13 16 11 11 15 10 12 14 15 16 13 14 0 12 12 14 15 7 9 14 12 15 12 18 15 13 13 11 19 9 8 16 7 12 17 16 5 14 20 14 8 8 13 13 17 11 12 18 12 
9 4 7 17 7 11 12 17 8 3 10 10 2 8 0 10 8 11 12 14 2 11 17 17 14 9 13 7 13 15 10 14 12 8 9 14 12 13 10 16 10 6 13 7 10 14 16 9 15 8 
4 10 13 7 9 10 7 18 3 8 9 5 8 10 12 0 13 13 17 15 14 6 12 14 16 21 13 7 11 14 12 9 14 14 13 9 12 15 12 18 12 6 12 19 5 9 8 4 10 10 
9 10 13 12 13 15 7 9 8 12 2 10 11 15 9 5 0 17 4 6 11 11 12 9 13 12 10 12 8 19 6 14 18 10 18 14 17 9 16 22 9 11 5 10 10 14 8 9 15 14 
9 11 14 11 14 17 13 12 9 10 11 17 9 15 7 17 9 0 13 15 9 12 18 15 4 10 2 7 9 21 5 8 19 13 12 21 19 20 17 5 8 11 11 8 11 17 17 16 14 15 
8 6 9 19 9 12 3 5 7 8 9 12 7 13 5 12 7 13 0 2 7 10 8 5 9 8 6 11 4 16 2 16 14 6 11 16 14 18 12 18 5 7 1 6 9 12 4 11 9 10 
6 7 10 17 8 12 6 3 5 6 7 10 5 11 3 9 5 12 9 0 5 8 11 14 15 6 4 9 2 16 6 14 13 4 9 14 13 16 11 11 11 5 10 4 7 11 13 9 15 9 
14 4 7 17 7 11 12 16 13 15 9 10 2 8 12 10 11 11 15 13 0 16 17 19 14 19 13 5 15 15 10 14 12 8 9 14 12 13 10 16 10 6 16 17 10 14 9 9 15 8 
15 6 9 19 9 13 14 18 14 15 5 12 14 17 12 11 13 13 17 15 14 0 19 21 16 21 13 1 11 17 12 16 8 10 11 16 14 22 12 18 12 11 18 19 12 16 8 11 17 10 
13 14 17 17 8 9 12 17 12 13 14 10 15 15 13 9 12 12 16 14 15 15 0 10 15 20 14 16 16 13 16 14 13 18 7 14 11 20 11 17 11 5 17 18 8 9 20 9 6 9 
19 17 20 12 11 15 14 20 22 9 6 23 18 24 16 19 15 15 19 17 18 13 19 0 18 23 3 14 16 19 19 9 16 21 13 27 16 29 14 20 14 18 12 21 14 15 23 22 12 12 
6 7 10 11 10 13 12 14 5 6 7 13 5 11 3 13 5 9 9 11 5 8 17 14 0 6 2 9 10 17 1 8 15 11 12 17 15 16 13 14 4 9 10 4 7 13 13 12 10 11 
14 9 12 18 9 13 8 18 13 8 15 11 7 13 5 10 13 13 17 15 7 16 13 20 16 0 6 12 4 17 15 15 14 13 14 15 14 18 12 18 12 6 18 12 15 19 21 10 16 10 
16 14 17 9 8 12 11 17 19 16 14 20 15 21 13 16 12 12 16 14 15 10 16 13 15 20 0 11 13 16 16 6 13 18 10 24 13 26 11 17 11 15 9 18 11 12 20 19 9 9 
20 15 18 18 15 19 14 24 19 14 4 11 13 19 11 16 19 19 23 21 13 19 19 20 22 20 12 0 10 23 21 15 20 19 19 21 20 24 18 24 18 12 18 18 18 19 27 16 16 16 
10 5 8 14 5 9 4 14 9 4 11 7 3 9 1 6 9 9 13 11 3 12 9 16 12 10 2 8 0 13 11 11 10 9 10 11 10 14 8 14 8 2 14 8 11 15 17 6 12 6 
12 13 16 20 7 8 18 16 18 3 13 13 14 20 12 15 11 11 15 13 14 21 23 9 14 19 13 14 15 0 15 17 12 17 21 19 6 25 10 16 10 10 16 17 7 8 14 14 5 8 
19 20 23 22 23 25 17 19 18 8 12 20 21 25 19 15 10 27 14 16 21 21 22 19 23 22 20 22 18 29 0 24 28 20 28 24 27 19 26 32 19 21 15 20 20 24 18 19 25 24 
10 8 11 3 11 14 5 19 17 11 9 14 10 16 8 14 10 15 14 16 10 4 10 7 12 18 9 5 7 18 13 0 16 12 4 18 16 21 14 20 8 9 3 16 5 9 12 13 11 12 
7 1 4 10 4 8 9 13 6 12 10 7 11 12 9 3 8 8 12 10 11 9 14 16 11 16 10 10 12 12 7 11 0 5 6 11 9 17 7 13 7 6 13 14 7 11 11 6 12 5 
9 10 6 13 4 8 8 13 8 9 10 6 11 11 9 5 8 8 12 10 11 11 13 15 11 16 10 12 12 12 2 10 9 0 14 10 9 16 7 13 7 1 13 14 10 14 16 5 11 5 
6 17 20 17 15 18 17 19 10 18 12 10 15 21 15 16 10 13 14 16 17 13 22 19 12 11 14 14 15 22 13 14 20 11 0 21 20 19 18 18 8 12 15 9 1 5 18 16 15 16 
17 7 10 8 10 1 15 15 16 8 14 13 5 11 13 13 14 14 18 16 15 9 20 14 17 22 14 10 12 5 3 17 15 11 12 0 3 16 13 8 13 7 19 20 13 13 11 12 10 11 
12 10 13 16 7 11 11 16 11 12 13 9 14 14 12 8 11 11 15 13 14 14 16 18 14 19 13 15 15 15 15 13 12 14 17 13 0 19 10 16 10 4 16 17 13 17 8 8 14 8 
11 8 11 15 6 10 5 15 10 11 12 8 13 13 11 7 10 10 14 12 13 13 10 7 13 18 12 14 14 14 4 12 11 2 16 12 11 0 9 15 9 3 3 16 12 16 18 7 13 7 
9 10 13 20 11 15 9 6 8 9 4 13 8 14 6 12 8 15 12 3 8 11 14 17 18 9 7 4 5 19 9 17 16 7 12 17 2 19 0 14 14 8 13 7 10 14 10 12 18 12 
14 9 12 4 9 13 8 7 13 8 10 11 7 13 5 10 13 13 17 15 7 5 13 20 8 14 6 6 4 17 9 15 14 8 14 15 14 18 12 0 12 6 18 12 15 9 13 10 16 10 
10 11 14 15 14 9 8 18 9 10 11 17 9 15 7 17 9 5 13 15 9 12 13 10 4 10 6 13 14 13 5 12 19 15 16 21 11 20 17 10 0 13 6 8 8 9 17 16 6 15 
8 9 12 12 3 7 7 12 7 8 9 5 10 10 8 4 7 7 11 9 10 10 12 14 10 15 9 11 11 11 11 9 8 13 13 9 8 15 6 12 6 0 12 13 9 13 15 4 10 4 
15 5 8 18 8 11 2 16 14 15 9 11 14 16 12 11 7 12 11 13 14 17 7 4 9 15 7 15 15 15 10 15 13 9 10 15 13 21 11 17 5 10 0 13 11 11 15 10 8 9 
2 8 11 11 11 15 8 10 1 10 3 11 6 12 7 6 1 15 5 7 9 4 13 10 14 2 8 5 6 19 7 15 16 11 5 15 16 10 14 7 10 8 6 0 3 7 9 10 16 12 
5 18 16 16 14 17 16 18 16 17 11 9 16 21 14 15 9 12 13 15 16 17 21 18 11 17 13 18 17 21 12 13 19 10 17 20 19 18 17 17 7 11 14 15 0 4 17 15 14 15 
15 15 12 12 10 13 12 14 14 17 7 5 16 17 14 11 5 14 9 11 16 13 17 14 17 17 15 14 13 17 8 9 15 6 13 16 15 14 13 19 13 7 10 15 12 0 13 11 10 11 
12 2 5 15 5 9 10 12 11 11 11 8 14 13 12 8 9 9 7 9 14 14 6 12 12 15 11 12 11 13 8 12 10 6 7 12 10 18 8 14 8 7 8 13 8 12 0 7 13 6 
10 6 9 8 5 6 3 14 9 4 5 1 10 6 10 6 9 9 13 11 12 9 8 10 12 17 11 10 13 10 8 5 10 10 9 5 8 11 8 14 8 2 8 15 4 9 17 0 6 6 
7 14 17 15 13 3 11 13 12 10 6 8 15 19 13 9 4 17 8 10 15 16 16 4 20 16 7 17 12 7 10 12 18 9 16 18 5 13 16 22 16 10 9 14 2 3 12 13 0 14 
11 8 11 15 11 3 10 8 10 7 5 14 6 12 4 8 3 15 7 5 6 13 15 12 18 11 9 6 7 7 9 18 16 9 13 18 4 17 2 20 14 10 8 9 12 15 11 13 12 0 

