50 1

1 1 1 1 1 1 1 1 1 1 1 1 1 1 1 1 1 1 1 1 1 1 1 1 1 1 1 1 1 1 1 1 1 1 1 1 1 1 1 1 1 1 1 1 1 1 1 1 1 1 

0 2 10 10 8 12 13 8 8 17 21 11 10 10 14 14 12 13 12 14 18 14 17 15 14 4 17 10 3 10 11 7 14 8 12 14 18 16 10 12 9 10 5 6 7 11 9 5 13 15 
16 0 16 19 14 15 15 12 14 16 19 17 8 16 17 14 16 16 18 13 21 20 15 15 20 10 16 16 9 16 17 13 20 14 10 16 20 22 17 15 7 16 11 12 13 17 15 11 12 21 
5 3 0 12 6 5 8 2 5 7 17 8 6 5 7 10 9 6 2 9 8 12 13 8 11 9 7 7 8 8 1 10 7 6 8 7 11 6 8 2 6 7 2 3 4 1 6 10 3 5 
2 4 8 0 6 2 11 6 10 13 15 8 10 8 4 8 6 3 10 7 16 11 11 5 8 2 10 12 5 8 5 5 12 5 6 13 6 14 5 6 13 8 3 4 9 6 3 3 9 13 
7 5 2 14 0 7 10 4 7 9 19 10 8 7 9 12 11 8 4 11 10 14 15 10 13 11 9 9 10 2 3 12 6 8 10 9 13 8 10 4 8 9 4 5 6 3 8 12 5 7 
1 3 8 7 9 0 14 9 9 8 19 6 8 11 2 6 4 1 10 5 16 9 15 3 15 5 8 11 4 7 3 8 15 3 10 15 13 14 3 4 11 11 6 7 8 9 10 6 11 13 
7 8 13 13 11 6 0 11 11 13 11 4 6 13 8 6 10 7 8 5 13 15 13 9 14 7 8 3 10 13 9 2 13 9 8 7 11 12 5 7 17 13 8 9 14 14 9 8 9 11 
4 6 11 10 12 3 18 0 12 11 10 9 11 15 5 9 7 4 13 8 12 12 18 6 18 8 11 14 7 10 6 11 18 6 13 18 16 17 6 7 14 14 9 10 11 12 13 9 14 16 
10 7 12 16 10 13 12 10 0 12 10 3 5 12 11 6 13 10 7 13 12 19 12 12 20 6 12 2 13 12 13 9 12 13 7 6 10 11 12 7 16 12 7 8 16 13 15 7 8 10 
10 12 18 19 16 17 16 14 16 0 17 19 21 13 13 12 16 16 15 11 10 20 21 18 18 12 14 18 11 3 19 15 20 14 16 18 22 8 17 13 9 18 13 14 15 19 13 13 14 18 
8 10 11 11 9 13 8 9 10 12 0 13 15 5 9 4 8 8 7 3 2 8 13 10 10 5 6 12 12 11 12 10 12 2 8 12 16 11 9 5 10 11 6 7 15 12 5 6 8 10 
12 10 8 12 16 11 13 10 7 9 17 0 12 13 13 11 9 12 4 10 10 20 18 8 14 12 9 9 15 8 9 15 9 14 14 9 13 8 10 10 13 15 10 11 12 9 9 13 5 7 
14 15 17 14 18 13 7 18 18 18 11 11 0 9 15 13 11 14 15 12 13 16 7 10 13 14 15 10 17 17 16 9 15 10 2 14 11 19 12 14 18 20 15 16 21 18 8 15 14 13 
10 11 14 11 14 9 3 9 14 11 17 7 9 0 11 9 8 10 11 8 17 7 13 12 10 10 6 6 11 16 12 5 6 1 8 10 14 15 9 10 9 11 11 7 15 12 5 11 11 4 
13 15 12 11 13 13 18 12 15 15 25 18 20 15 0 19 8 14 14 18 20 22 21 16 15 9 5 17 8 15 13 12 10 16 19 19 16 18 9 14 17 15 10 11 14 11 16 10 15 17 
4 6 11 10 12 9 14 12 12 11 18 8 7 14 5 0 7 4 13 8 19 12 14 6 18 8 11 7 7 14 12 11 18 6 9 11 15 17 6 1 14 14 9 10 11 12 13 9 14 16 
5 7 4 3 9 5 12 6 9 11 18 12 10 9 7 10 0 6 6 10 12 14 14 8 11 5 11 11 8 11 5 8 11 8 9 11 9 10 1 6 10 6 6 7 8 5 6 6 7 9 
6 8 7 6 10 5 15 9 12 7 21 5 13 12 1 5 3 0 9 4 15 8 17 2 14 6 7 14 9 12 8 9 14 2 12 14 12 13 2 6 10 12 7 8 11 8 9 7 10 12 
8 6 4 8 12 7 12 6 3 5 13 6 8 9 9 7 5 8 0 6 6 16 14 4 10 8 5 5 11 4 5 11 5 10 10 5 9 4 6 6 9 11 6 7 8 5 5 9 1 3 
5 7 8 9 6 11 11 6 7 9 16 10 12 8 6 1 6 5 4 0 10 13 12 7 9 2 3 9 8 8 9 5 9 7 7 9 13 8 7 2 15 8 3 4 12 9 4 3 5 7 
6 8 9 9 7 11 6 7 8 10 15 11 13 3 7 2 6 6 5 1 0 10 11 8 8 3 4 10 9 9 10 8 10 4 6 10 14 9 7 3 12 9 4 5 13 10 3 4 6 8 
6 8 11 14 9 10 14 7 9 11 9 12 8 11 12 13 11 11 13 12 11 0 15 10 10 5 15 11 4 11 12 3 18 12 10 11 15 17 6 13 2 11 6 7 8 12 10 6 7 16 
12 14 15 15 13 17 12 13 14 16 4 17 7 9 13 8 12 12 11 7 6 12 0 14 14 9 10 16 16 15 16 14 16 6 9 16 20 15 13 9 14 15 10 11 19 16 9 10 12 14 
4 6 5 4 8 3 13 7 10 12 19 9 11 10 5 3 1 4 7 2 13 12 15 0 12 4 5 12 7 10 6 7 12 6 10 12 10 11 2 4 11 10 5 6 9 6 7 5 8 10 
8 6 4 8 12 7 12 6 9 5 17 12 10 9 9 7 5 8 6 6 12 16 13 4 0 8 9 11 12 4 5 11 11 10 8 5 9 10 6 6 10 11 6 7 8 5 5 9 1 9 
8 9 6 14 4 7 9 4 11 13 13 14 12 6 9 10 11 8 8 12 14 10 9 10 17 0 13 13 5 6 7 3 13 4 11 13 17 12 6 8 12 6 1 2 10 7 12 1 9 11 
8 10 7 6 12 8 15 9 12 14 21 15 13 12 10 14 3 9 9 13 15 17 17 11 14 8 0 14 11 14 8 11 14 11 12 14 12 13 4 9 13 9 9 10 11 8 9 9 10 12 
8 5 10 14 8 11 10 8 8 10 8 1 3 10 9 4 11 8 5 11 10 17 10 10 18 4 10 0 11 10 11 7 10 11 5 4 8 9 10 5 14 10 5 6 14 11 13 5 6 8 
9 10 7 12 5 8 10 5 5 14 18 8 10 7 10 11 9 9 9 13 15 11 14 11 11 1 14 7 0 7 8 4 14 5 9 11 15 13 7 9 13 7 2 3 4 8 6 2 10 12 
7 9 16 16 14 18 13 14 15 17 14 18 20 10 10 9 13 13 12 8 7 17 18 15 15 10 11 17 10 0 17 15 17 11 13 17 21 5 14 10 19 16 11 12 14 17 10 11 13 15 
4 2 14 16 12 9 11 6 12 21 16 15 5 8 11 12 13 10 16 14 18 15 12 12 18 8 14 14 7 14 0 13 14 9 7 18 22 20 12 1 9 8 3 4 11 15 13 9 17 12 
10 12 18 17 18 19 23 18 18 16 26 21 23 20 21 25 14 20 20 24 26 24 22 22 24 14 11 20 13 20 19 0 11 18 22 24 17 24 3 20 15 20 15 16 17 19 19 15 21 9 
10 12 11 10 14 9 19 13 16 5 15 15 17 16 11 9 7 10 13 8 17 18 11 6 18 10 11 18 13 8 12 13 0 12 16 18 6 17 8 10 17 16 11 12 15 12 13 11 14 16 
12 14 17 15 15 11 13 8 15 17 16 18 20 10 13 14 12 12 19 16 18 6 12 14 14 11 16 17 10 17 14 9 16 0 7 17 21 16 13 15 8 10 12 6 14 18 9 12 13 14 
12 13 13 12 16 11 5 15 18 20 9 9 11 7 13 11 9 12 15 10 11 14 5 8 19 12 13 8 15 18 14 7 13 8 0 12 16 19 10 12 16 18 13 14 17 14 14 13 16 11 
7 1 13 12 15 6 16 3 15 14 13 12 9 18 8 12 9 7 15 11 15 15 9 9 21 11 6 17 10 17 9 14 20 9 11 0 4 19 10 10 8 17 12 13 14 14 16 12 16 18 
5 7 6 18 13 11 14 8 11 13 9 14 12 11 13 13 15 12 8 12 11 18 5 14 17 9 13 13 8 12 7 12 13 12 14 13 0 12 14 8 12 13 8 9 10 7 12 10 9 11 
8 10 11 11 9 13 8 9 10 12 9 13 15 5 5 4 8 8 7 3 2 12 13 10 10 5 6 12 11 11 12 10 12 6 8 12 16 0 9 5 14 11 6 7 15 12 5 6 8 10 
7 9 15 14 15 16 20 15 15 13 23 18 20 17 18 22 11 17 17 21 23 21 19 19 21 11 8 17 10 17 16 14 8 15 19 21 14 21 0 17 12 17 12 13 14 16 16 12 18 6 
3 5 13 11 11 10 16 11 11 20 24 14 16 13 12 10 8 11 15 9 21 20 20 7 17 7 12 13 6 13 14 10 20 14 15 17 21 19 9 0 12 13 8 9 10 14 12 8 16 18 
11 10 9 12 7 10 12 7 7 9 20 10 12 9 12 11 9 11 11 10 17 13 16 8 13 3 13 9 2 9 10 6 16 7 11 9 13 15 10 11 0 9 4 5 6 10 8 4 5 14 
8 10 9 10 7 9 15 11 14 16 16 13 15 12 9 4 7 8 11 8 9 16 22 6 17 10 11 16 11 9 10 13 16 10 17 16 20 7 8 5 15 0 11 12 13 10 12 11 12 14 
7 9 11 13 9 6 8 3 9 18 12 12 14 5 8 9 10 7 13 11 14 12 8 9 15 5 11 11 4 11 9 10 11 6 13 15 19 17 9 10 14 5 0 1 8 12 10 6 14 9 
6 8 13 12 14 5 7 2 14 15 10 11 13 4 7 8 9 6 15 10 12 11 17 8 14 10 10 10 9 16 8 9 10 5 12 14 18 11 8 9 13 4 11 0 13 14 9 11 15 8 
10 8 11 8 13 10 10 10 1 12 14 4 6 14 12 7 5 11 8 7 14 19 10 13 7 9 10 3 13 11 12 12 13 13 5 7 11 12 6 8 16 15 10 11 0 10 2 10 8 11 
5 7 7 11 5 4 7 1 4 14 17 7 9 4 6 10 8 5 9 9 15 11 13 7 10 5 10 6 4 7 8 9 10 5 8 10 14 13 7 9 6 6 6 7 3 0 5 6 10 8 
8 10 9 6 11 8 8 9 12 10 12 12 14 12 10 6 3 9 11 5 9 17 8 11 5 7 8 11 11 9 10 10 16 11 3 10 14 7 4 7 14 13 8 9 11 8 0 8 6 14 
26 28 25 24 30 26 33 27 30 32 39 33 31 30 28 32 21 27 27 31 33 35 35 29 32 26 32 32 29 32 26 29 32 29 30 32 30 31 22 27 31 27 27 28 29 26 27 0 28 30 
7 5 3 7 11 6 11 5 8 4 16 11 9 8 8 6 4 7 5 5 11 15 12 3 9 7 8 10 11 3 4 10 10 9 7 4 8 9 5 5 9 10 5 6 7 4 4 8 0 8 
10 12 9 8 13 10 17 11 14 7 17 17 15 14 12 16 5 11 11 15 17 19 13 13 16 9 2 16 8 10 10 12 2 13 14 16 8 15 6 11 6 15 10 11 13 10 11 10 12 0 

