50 1

1 1 1 1 1 1 1 1 1 1 1 1 1 1 1 1 1 1 1 1 1 1 1 1 1 1 1 1 1 1 1 1 1 1 1 1 1 1 1 1 1 1 1 1 1 1 1 1 1 1 

0 12 7 15 11 12 8 12 19 24 11 9 11 5 6 19 4 13 20 14 27 14 19 11 8 12 8 7 5 15 15 13 10 12 12 10 10 9 14 9 9 14 18 13 9 5 18 13 12 5 
8 0 9 10 10 15 10 7 14 19 3 11 13 8 9 13 6 8 14 6 16 6 11 8 7 4 10 10 7 9 11 13 8 3 4 13 8 11 9 7 11 13 21 5 11 7 9 4 14 7 
3 9 0 12 4 9 12 9 17 12 12 7 15 4 3 17 8 8 17 6 15 15 11 8 7 4 12 4 8 8 13 8 3 5 13 12 3 13 11 2 2 7 24 5 2 9 11 6 10 3 
14 14 17 0 16 13 18 13 20 25 12 4 12 6 7 19 14 14 21 12 18 15 20 14 9 10 14 8 5 20 16 19 17 17 9 19 14 19 15 13 19 15 28 11 15 15 24 14 19 14 
13 5 14 5 0 11 15 12 13 8 8 9 11 11 12 18 11 12 19 11 11 11 16 12 8 9 8 13 10 4 15 13 13 8 9 8 13 16 14 12 16 3 16 10 15 12 14 9 18 12 
9 10 6 15 10 0 10 12 23 18 13 10 9 3 4 23 14 1 8 12 21 11 16 13 6 10 10 5 2 14 13 14 9 11 14 18 9 11 14 8 8 13 15 11 8 7 11 9 16 9 
4 10 1 13 5 10 0 10 18 13 13 8 16 5 4 18 9 9 18 7 16 16 12 9 8 5 13 5 9 9 14 9 4 6 14 13 4 1 12 3 3 8 25 6 3 10 12 7 11 4 
11 8 11 3 3 10 10 0 7 12 11 5 13 3 4 15 11 11 12 9 15 4 9 7 4 7 10 5 6 7 4 6 5 11 12 6 11 11 2 5 13 6 19 8 9 7 15 12 8 1 
8 4 11 9 4 9 12 11 0 5 7 7 11 4 3 17 8 8 10 6 8 2 7 9 7 4 12 4 8 8 15 17 14 7 8 12 8 13 13 5 13 7 17 5 2 9 13 8 10 3 
9 9 11 18 9 14 10 15 5 0 8 12 13 9 8 22 11 12 15 10 3 7 12 4 12 9 10 9 12 13 17 12 7 11 4 17 7 11 17 11 8 12 22 10 7 7 18 12 15 8 
5 5 6 11 10 12 7 8 15 20 0 8 10 5 6 10 3 5 11 3 13 3 8 5 4 1 7 7 4 14 12 14 9 8 1 9 5 8 10 4 8 7 18 2 8 4 14 5 11 4 
10 10 13 12 12 9 14 9 16 21 8 0 8 2 3 15 10 10 17 8 14 11 16 10 5 6 14 4 1 16 12 15 13 13 9 15 10 15 11 9 15 15 24 7 11 11 20 10 15 10 
11 11 14 13 10 10 14 10 17 22 9 1 0 3 4 14 11 11 18 9 19 12 17 11 6 7 14 5 2 14 4 10 5 14 10 18 11 15 12 5 16 13 16 8 12 11 21 11 7 11 
15 7 13 10 10 7 17 7 14 19 10 12 16 0 1 22 13 8 15 13 22 13 18 15 3 11 17 2 9 14 11 13 12 10 11 13 15 18 9 12 15 13 22 12 15 14 18 11 15 8 
14 6 12 11 11 6 16 8 15 20 9 13 16 1 0 23 12 7 14 12 17 7 12 14 4 10 16 1 8 15 12 14 13 9 10 14 14 17 10 7 14 14 21 11 14 13 17 10 16 9 
13 9 10 12 12 9 12 9 16 21 12 14 15 2 3 0 15 5 17 15 5 15 20 6 5 13 12 4 6 16 13 15 14 12 13 15 13 13 11 12 12 15 24 14 12 9 20 13 17 10 
6 12 3 11 7 9 4 8 15 20 7 5 7 2 3 15 0 10 17 10 23 10 15 7 5 8 4 4 1 11 11 9 6 8 8 6 6 5 10 5 5 10 14 9 5 1 14 9 8 1 
8 9 5 12 9 9 9 9 16 21 12 9 8 2 3 22 13 0 17 11 17 15 20 12 5 9 9 4 1 13 12 15 8 10 13 17 8 10 11 7 7 12 24 10 7 6 16 11 15 8 
8 12 10 7 7 12 14 4 11 16 15 9 17 7 6 19 11 11 0 9 19 8 13 11 8 7 14 7 10 6 10 10 9 5 16 10 8 15 6 8 7 10 7 8 5 11 3 1 12 5 
10 13 7 8 8 11 13 5 12 17 11 10 10 4 5 20 14 2 17 0 6 9 14 7 7 12 13 6 3 7 9 11 10 12 12 11 2 14 7 1 9 11 24 13 9 10 20 2 13 6 
6 10 8 15 12 17 7 12 19 24 5 11 10 10 11 15 8 10 16 8 0 8 13 1 9 6 7 12 9 16 15 12 11 8 6 14 6 8 14 9 5 15 12 7 10 4 14 9 16 9 
16 10 18 15 15 19 17 12 19 24 13 10 9 12 13 23 16 18 8 16 10 0 5 11 16 14 17 14 11 14 13 18 14 13 14 18 11 18 14 6 15 18 15 15 13 14 11 9 16 13 
11 5 13 15 15 14 12 12 16 11 8 5 4 7 8 18 11 13 19 11 5 11 0 6 10 9 12 9 6 14 8 14 9 8 9 18 6 13 14 1 10 18 17 10 15 9 14 9 11 12 
5 9 10 14 14 16 11 11 18 23 4 12 14 9 10 14 7 9 15 7 17 7 12 0 8 5 11 11 8 13 15 17 13 7 5 17 5 12 13 8 4 11 22 6 12 8 13 8 15 8 
11 15 8 10 10 17 17 7 14 19 18 12 20 10 11 22 16 16 19 14 22 11 16 16 0 12 17 12 13 14 11 13 12 13 19 13 11 18 9 10 10 13 26 13 10 14 22 14 15 8 
4 4 7 10 7 12 8 7 14 19 7 9 11 6 6 9 4 4 18 2 12 10 7 4 9 0 8 7 5 11 11 13 10 7 8 10 4 9 9 3 9 10 25 1 5 5 13 4 12 5 
8 10 10 7 7 13 9 4 11 16 7 4 3 6 7 17 10 10 18 8 14 10 15 3 8 6 0 8 5 11 7 5 8 10 8 10 8 10 6 8 7 10 25 7 12 6 16 11 10 5 
9 9 12 15 15 18 13 12 19 24 12 14 16 11 12 14 9 9 14 7 16 6 11 12 14 8 13 0 10 14 16 18 15 12 13 8 9 14 14 8 14 18 21 6 14 10 17 9 17 10 
9 9 12 15 12 8 13 12 19 24 12 8 7 1 2 14 9 9 16 7 13 9 14 9 4 5 13 3 0 16 11 18 12 12 13 15 9 14 14 8 14 15 23 6 10 10 19 9 14 10 
18 19 15 14 14 7 21 11 18 23 22 16 16 10 11 12 18 8 15 16 17 15 20 18 4 14 21 12 9 0 15 17 16 20 23 4 18 22 13 16 17 17 12 15 17 18 18 16 19 12 
11 11 11 10 6 20 10 14 19 14 14 14 13 13 14 17 11 11 25 9 17 17 14 13 16 7 10 15 12 10 0 6 1 14 15 14 11 11 16 1 13 9 22 8 13 7 20 11 10 12 
5 5 5 4 9 14 4 8 15 20 8 8 7 7 8 10 5 5 19 3 13 11 8 7 10 1 4 9 6 13 11 0 8 8 9 11 5 5 10 4 7 12 26 2 7 1 14 5 13 6 
10 10 10 9 5 19 9 13 18 13 13 13 12 12 13 16 10 10 24 8 16 16 13 12 15 6 9 14 11 9 16 5 0 13 14 13 10 10 15 9 12 8 21 7 12 6 19 10 9 11 
9 12 15 7 7 14 14 4 11 16 15 9 17 7 8 19 15 15 16 13 19 8 13 11 8 11 14 9 10 6 8 10 5 0 16 10 11 15 6 9 10 10 23 12 13 11 6 1 12 5 
13 8 15 12 12 18 14 9 15 10 11 9 8 11 12 22 14 15 22 13 9 14 19 8 13 11 5 13 10 16 12 10 13 11 0 15 3 15 11 13 12 6 29 12 17 11 17 12 15 10 
14 20 11 17 15 20 10 14 21 26 23 18 19 13 14 28 19 11 26 9 15 18 23 16 16 15 23 15 12 19 11 20 12 16 24 0 11 11 16 10 13 18 8 16 13 20 22 11 21 14 
8 18 15 17 13 21 16 14 21 26 21 17 19 14 15 27 12 22 26 21 29 18 23 19 18 19 16 16 13 17 18 20 19 10 22 21 0 17 16 17 7 16 33 20 17 13 16 11 20 13 
18 10 16 15 15 10 20 12 19 24 13 17 20 5 4 27 16 11 18 16 21 11 16 18 8 14 20 5 12 19 16 18 17 13 14 18 18 0 14 17 18 18 25 15 18 17 21 14 20 13 
9 6 9 8 1 12 8 13 14 9 9 12 11 11 12 14 9 9 20 7 12 12 17 11 2 5 8 13 10 5 15 4 12 9 10 9 9 9 0 8 11 4 17 6 11 5 15 10 17 10 
14 20 11 23 15 20 10 20 15 10 18 18 23 15 14 28 19 19 25 17 13 17 22 14 18 15 20 15 19 19 24 19 14 16 14 23 14 11 22 0 13 18 32 16 13 17 22 17 21 14 
1 11 8 10 6 14 9 7 14 19 14 10 12 7 8 20 5 15 19 14 22 11 16 12 11 12 9 9 6 10 11 13 12 3 15 14 1 10 9 10 0 9 26 13 10 6 9 4 13 6 
10 2 11 12 12 17 12 9 16 21 5 9 8 10 11 15 8 10 16 8 18 8 13 8 9 6 5 12 9 11 12 10 10 5 6 15 10 13 11 9 13 0 23 7 13 9 11 6 15 9 
6 12 3 15 7 12 13 12 20 15 15 10 16 7 6 20 11 11 20 9 18 18 14 11 10 7 13 7 11 11 3 9 4 8 16 15 6 14 14 4 5 10 0 8 5 10 14 9 13 6 
3 3 6 9 9 12 7 6 13 18 6 8 10 5 6 8 3 3 17 1 7 9 14 6 8 2 7 7 4 8 10 12 9 6 7 12 3 8 8 2 8 12 24 0 8 4 12 3 11 4 
6 7 9 7 2 7 10 9 15 10 10 5 13 2 1 15 6 6 15 4 13 8 13 6 5 2 10 2 6 6 13 15 12 10 11 10 6 11 11 3 11 5 22 3 0 7 18 6 8 1 
7 11 4 10 8 13 3 7 14 19 6 7 6 8 7 20 9 11 17 9 22 9 14 6 11 7 3 8 8 12 10 8 7 9 7 16 7 4 9 6 6 11 24 8 6 0 7 10 13 7 
5 14 14 9 9 16 15 6 13 18 8 11 18 9 10 21 11 13 19 11 21 11 16 13 10 9 15 11 12 8 10 12 7 2 9 12 5 16 8 11 4 12 26 10 15 12 0 3 14 7 
8 11 14 6 6 13 13 3 10 15 14 8 16 6 7 18 14 14 15 12 18 7 12 10 7 10 13 8 9 5 7 9 8 14 15 9 14 14 5 8 16 9 22 11 12 10 18 0 11 4 
14 20 11 19 15 16 10 16 23 28 17 18 22 9 10 7 19 12 24 17 12 20 25 13 12 15 19 11 13 19 20 22 14 16 18 23 14 11 18 13 13 18 31 16 13 16 22 17 0 14 
14 14 16 20 17 13 18 17 24 29 17 4 12 6 7 14 14 14 21 12 19 14 19 14 9 10 18 8 5 21 16 23 17 17 18 5 14 19 19 13 18 20 13 11 15 15 24 14 7 0 

