50 1

1 1 1 1 1 1 1 1 1 1 1 1 1 1 1 1 1 1 1 1 1 1 1 1 1 1 1 1 1 1 1 1 1 1 1 1 1 1 1 1 1 1 1 1 1 1 1 1 1 1 

0 9 10 12 11 10 10 17 9 6 14 6 13 5 9 11 8 12 15 14 10 16 10 7 16 12 15 23 13 4 8 4 7 8 8 11 10 6 25 3 12 11 5 11 15 15 8 9 15 14 
9 0 10 3 8 10 7 13 9 10 9 2 9 5 9 7 8 18 11 12 5 13 10 11 6 15 7 19 13 12 12 12 6 11 8 9 1 9 21 7 8 6 8 15 11 14 11 8 6 14 
3 6 0 9 14 11 11 19 10 11 16 8 9 11 10 13 14 15 11 8 12 19 6 10 12 5 13 19 3 4 13 7 12 11 10 12 7 9 27 8 8 13 8 14 11 18 7 14 12 4 
7 6 17 0 11 10 13 19 15 5 15 8 6 11 14 13 14 24 8 15 11 16 16 14 9 20 13 16 18 11 15 11 6 8 14 15 7 8 27 10 5 12 12 13 8 17 15 8 12 19 
9 5 6 8 0 11 11 20 12 6 14 7 13 8 10 14 10 11 15 10 10 5 12 16 11 11 14 17 9 13 9 13 7 8 11 7 6 2 28 14 14 11 1 7 9 14 4 9 11 10 
11 15 8 13 10 0 12 22 9 18 19 14 11 10 14 16 13 21 13 5 15 15 14 18 14 13 10 20 11 12 19 13 13 10 13 11 16 12 30 15 16 16 11 17 12 12 6 5 20 12 
12 11 11 5 16 15 0 24 20 10 20 13 11 16 19 18 19 29 13 13 16 21 17 19 14 16 8 21 14 15 20 16 1 13 19 10 12 11 32 15 10 17 17 16 13 22 18 3 17 15 
10 14 11 8 9 12 6 0 14 14 6 7 7 10 12 12 13 5 6 13 2 14 9 8 7 16 8 14 16 10 18 14 7 14 13 10 6 11 8 11 11 3 10 2 14 8 13 9 7 11 
11 9 10 12 14 1 13 12 0 9 18 11 11 12 16 18 13 17 13 5 14 8 12 10 14 11 11 21 9 14 12 4 10 12 15 2 10 6 20 6 14 15 5 11 13 20 8 6 15 10 
11 17 11 10 16 5 10 18 14 0 16 11 16 17 18 12 14 23 18 10 12 21 16 12 19 16 8 18 14 8 13 15 1 13 17 10 13 3 26 8 18 13 13 8 10 9 18 3 17 15 
7 16 8 7 11 9 2 22 8 8 0 8 6 10 14 16 11 27 8 13 2 16 3 7 9 13 10 16 11 11 10 11 3 8 13 10 15 13 30 5 5 3 12 18 8 17 6 5 1 12 
10 13 14 16 14 9 9 16 8 11 13 0 9 16 8 10 4 21 11 13 9 19 6 10 12 19 17 19 17 11 13 8 10 11 7 10 14 10 24 8 8 10 9 15 11 20 12 12 14 18 
3 10 11 12 5 12 9 19 11 9 16 3 0 8 8 13 7 16 2 16 12 10 9 10 3 16 13 22 14 7 14 7 10 14 10 13 11 7 27 6 11 13 6 12 14 11 9 8 17 15 
8 11 12 10 13 5 5 12 4 10 9 10 8 0 4 6 3 17 10 9 5 12 5 9 11 17 13 18 15 7 16 7 6 10 3 6 12 8 20 7 7 6 7 14 10 20 10 8 10 16 
11 12 12 6 15 10 1 21 9 12 21 14 10 17 0 21 15 26 12 14 17 20 7 11 13 17 9 20 15 3 14 13 2 12 18 11 13 12 29 9 9 15 14 17 12 21 19 4 18 16 
2 5 6 8 13 13 9 6 12 8 12 7 13 8 12 0 11 11 12 12 8 18 12 9 11 11 7 17 9 6 10 6 9 8 11 9 6 2 14 5 14 9 1 8 9 14 4 2 11 10 
6 9 10 12 10 5 5 12 4 7 9 7 5 12 4 6 0 17 7 9 5 15 2 6 8 15 13 15 13 7 9 4 6 7 3 6 10 6 20 4 4 6 5 11 7 16 8 8 10 14 
5 10 6 3 7 10 5 13 9 8 9 2 2 5 9 7 8 0 4 8 5 12 10 12 5 11 3 16 9 5 16 9 6 15 8 5 1 6 21 8 12 6 6 8 8 3 9 8 6 10 
12 8 9 10 3 12 7 23 11 11 17 10 16 11 6 17 13 14 0 13 13 8 15 12 1 14 17 20 12 5 12 15 8 11 14 10 9 5 31 8 17 14 4 10 12 9 7 10 14 13 
6 15 10 18 11 13 12 20 12 12 17 9 6 12 11 14 15 25 8 0 13 16 7 11 9 6 20 20 4 10 14 10 13 12 11 14 16 10 28 9 9 14 11 15 12 17 8 15 18 5 
11 12 13 11 7 16 6 27 15 12 4 14 10 15 10 21 17 18 4 13 0 12 7 11 5 16 14 12 14 9 16 15 7 12 18 16 13 9 35 9 9 1 8 14 12 13 11 9 5 15 
11 14 12 9 13 10 10 17 9 12 14 8 8 11 9 11 5 6 10 14 10 0 7 11 11 17 9 20 15 11 4 9 11 12 8 11 7 11 25 9 9 11 10 14 12 9 13 13 12 16 
4 13 9 15 8 10 13 20 12 5 17 5 3 11 12 14 8 19 5 6 13 13 0 4 6 14 13 13 12 8 7 8 6 5 11 7 14 10 28 2 2 8 9 15 5 14 7 8 18 13 
12 9 10 12 4 9 9 16 8 10 13 11 17 12 8 10 14 15 13 13 9 9 16 0 14 15 18 21 13 11 13 12 10 12 7 10 10 6 24 14 18 10 5 11 13 18 8 12 14 14 
11 7 8 9 2 11 14 22 10 10 16 9 15 10 14 16 12 13 17 12 12 7 14 11 0 13 16 19 11 4 11 14 11 10 13 9 8 4 30 7 16 13 3 9 11 8 6 13 13 12 
7 10 4 13 14 11 11 18 10 15 15 12 9 6 10 12 9 23 11 3 11 19 10 14 12 0 19 23 7 8 17 11 12 6 9 12 11 4 26 12 12 12 12 9 15 20 2 14 16 8 
3 12 3 7 14 14 2 17 13 9 13 6 12 9 13 11 12 15 14 5 9 19 9 10 15 8 0 22 6 7 11 7 3 14 12 2 5 3 25 6 11 10 8 8 14 18 10 5 10 7 
4 3 8 6 13 13 3 16 12 10 12 5 8 8 12 10 11 21 10 7 8 18 5 9 11 4 11 0 2 8 12 8 4 10 11 13 4 8 24 7 7 9 9 13 10 8 6 6 9 3 
2 11 6 14 11 9 8 16 8 8 13 8 6 8 7 10 11 14 8 5 9 16 3 7 9 2 17 16 0 6 10 6 9 8 7 10 12 6 24 5 5 10 7 11 8 17 4 11 14 1 
9 15 16 14 13 7 9 22 6 15 19 11 8 14 8 16 17 18 10 11 15 18 18 16 11 17 17 18 15 0 17 10 10 10 13 8 16 12 30 12 7 13 11 17 10 21 14 12 20 16 
7 10 11 13 11 6 6 13 5 8 10 8 6 13 5 7 1 18 8 10 6 16 3 7 9 16 14 16 14 8 0 5 7 8 4 7 11 7 21 5 5 7 6 12 8 17 9 9 11 15 
9 5 6 8 10 10 12 8 12 5 14 7 13 8 12 14 8 13 15 14 10 15 10 6 16 11 16 17 9 10 7 0 6 8 11 14 6 2 16 2 12 11 1 7 9 16 4 8 11 10 
10 20 10 14 19 12 9 19 11 16 16 13 19 16 11 13 19 24 16 12 12 24 16 17 17 15 7 17 13 14 18 14 0 21 10 9 12 10 27 13 18 13 14 15 9 27 17 2 17 14 
14 17 14 16 19 11 11 18 10 16 15 16 14 6 10 12 9 23 16 15 11 24 11 15 17 19 11 24 17 13 18 13 4 0 9 12 16 14 26 13 13 12 13 20 16 26 16 6 16 18 
5 8 9 7 9 2 2 9 1 10 6 10 12 11 1 3 13 14 6 6 2 14 9 11 7 14 10 14 12 4 12 5 3 11 0 3 9 5 17 7 11 3 4 11 14 17 7 5 7 13 
9 18 13 21 14 16 15 23 15 15 20 12 9 15 14 17 18 28 11 3 16 19 10 14 12 9 23 23 7 13 17 13 16 15 14 0 19 15 31 12 12 17 14 9 15 20 11 18 21 8 
8 11 9 2 11 9 6 12 8 7 8 1 12 4 8 6 7 17 8 11 4 16 9 13 9 14 6 15 12 11 20 11 7 14 7 8 0 8 20 11 11 5 7 14 7 20 10 8 5 13 
19 18 20 21 15 18 18 25 17 21 22 20 20 23 17 19 25 30 12 14 18 20 20 9 13 19 17 15 17 20 24 21 10 25 16 19 19 0 33 22 22 19 16 5 7 21 21 12 23 18 
4 13 14 16 13 14 14 21 13 10 18 10 8 9 13 15 12 26 10 9 14 18 5 9 11 15 15 18 13 8 12 8 8 4 12 6 14 10 0 7 7 15 9 3 10 19 12 10 19 3 
10 15 7 18 8 8 11 18 10 3 15 3 11 9 10 12 6 23 13 15 11 13 8 4 14 12 11 12 10 13 5 10 4 5 9 12 16 6 26 0 10 12 9 11 13 20 5 6 16 11 
2 11 12 13 6 8 8 15 7 8 12 4 1 7 7 9 10 20 3 12 8 11 12 9 4 15 16 11 13 6 10 6 9 3 6 9 12 8 23 5 0 9 7 13 3 12 10 11 13 14 
15 11 12 13 6 9 10 20 8 12 20 13 19 14 9 20 16 17 3 13 16 11 16 18 4 15 20 11 13 8 15 12 11 14 17 10 12 8 28 14 18 0 7 13 15 12 10 13 17 14 
8 4 5 7 16 10 11 19 11 5 13 6 14 7 11 13 10 24 13 13 9 21 11 15 14 10 13 16 8 9 18 12 6 7 10 13 5 1 27 13 13 10 0 6 8 22 3 8 10 9 
15 15 16 17 10 19 14 30 18 16 24 17 15 18 13 24 20 21 7 9 20 15 16 20 8 15 12 22 13 12 19 19 5 18 21 14 16 12 38 18 18 21 11 0 14 16 14 7 21 14 
12 11 16 14 21 21 11 24 20 18 20 13 16 16 20 18 19 29 18 15 16 26 13 17 19 12 19 8 10 16 20 16 12 18 19 21 12 18 32 15 15 17 17 21 0 16 14 14 17 11 
5 7 8 1 12 9 14 22 8 6 16 9 7 10 14 16 13 27 9 13 12 17 14 12 10 13 14 17 11 2 13 9 7 9 13 10 8 4 30 8 6 13 3 5 9 0 6 9 13 12 
5 8 2 11 16 9 9 16 8 13 13 10 11 4 8 10 7 21 13 10 9 21 8 12 14 7 17 21 5 6 15 9 10 4 7 10 9 11 24 10 10 10 10 18 13 24 0 12 14 6 
8 18 8 12 17 10 7 17 9 14 14 11 17 14 9 11 17 22 14 10 10 22 14 15 15 13 5 15 11 12 16 12 8 19 8 7 10 8 25 11 16 11 12 13 7 25 15 0 15 12 
5 14 7 6 17 8 1 16 7 11 13 11 12 9 8 10 12 21 14 12 9 15 13 12 15 12 9 22 10 11 13 9 2 9 7 9 15 11 24 8 11 10 10 18 14 24 5 4 0 11 
1 10 11 13 10 11 11 18 10 7 15 7 5 6 10 12 9 23 7 8 11 15 2 6 8 16 15 15 14 5 9 5 8 7 9 12 11 7 26 4 4 12 6 12 7 16 9 10 16 0 

