50 1

1 1 1 1 1 1 1 1 1 1 1 1 1 1 1 1 1 1 1 1 1 1 1 1 1 1 1 1 1 1 1 1 1 1 1 1 1 1 1 1 1 1 1 1 1 1 1 1 1 1 

0 13 14 10 9 16 9 16 13 14 15 15 12 11 15 8 8 13 8 8 7 7 11 24 15 10 15 16 14 11 1 11 14 19 14 12 6 2 10 14 9 16 22 13 9 12 13 15 9 8 
8 0 12 9 10 14 12 12 6 10 11 6 8 9 7 9 11 19 7 11 12 8 9 17 11 8 13 3 1 17 9 4 14 17 10 10 7 7 15 10 9 3 9 4 12 8 11 8 7 8 
9 7 0 10 11 12 12 13 7 14 6 9 8 9 7 10 11 7 8 12 12 9 7 18 13 8 11 9 7 5 10 4 8 15 11 6 7 10 7 10 9 10 16 7 4 9 11 9 8 9 
12 14 11 0 10 16 11 6 18 13 10 17 7 8 15 12 11 18 11 11 19 13 11 29 14 13 15 13 11 16 3 12 8 19 4 15 9 14 18 9 9 17 23 15 12 2 10 13 12 11 
11 6 6 8 0 9 2 9 13 16 8 7 10 11 13 10 8 13 11 1 13 10 4 24 13 3 8 9 7 11 5 10 11 12 7 5 9 8 13 7 10 9 15 5 2 5 13 15 8 9 
12 4 14 13 12 0 9 8 10 14 13 10 10 11 7 12 9 5 11 8 16 11 8 21 15 10 12 4 2 19 1 5 6 3 6 8 9 11 21 12 7 7 13 8 9 4 13 7 8 9 
10 11 12 6 16 7 0 12 17 14 6 12 13 9 11 8 6 12 9 6 18 8 2 28 15 8 6 9 7 17 8 8 13 10 8 10 7 13 19 5 10 14 20 10 7 8 11 14 12 9 
15 9 6 13 4 13 6 0 13 18 8 11 12 3 13 13 11 13 14 5 11 13 9 24 19 7 13 11 9 11 10 10 14 16 11 9 8 12 13 14 9 12 18 9 6 9 5 15 7 8 
2 10 11 3 4 13 6 6 0 9 10 11 7 8 11 3 9 18 1 5 9 2 8 11 10 7 12 13 11 16 3 12 8 16 4 9 6 4 18 9 7 6 19 9 6 2 10 11 5 6 
8 10 10 6 10 13 12 6 6 0 7 8 6 7 2 8 5 13 7 11 14 7 8 17 1 13 12 10 8 15 6 9 6 11 2 15 4 9 17 8 3 13 19 11 8 8 4 11 3 4 
9 9 11 5 15 6 11 11 11 13 0 11 7 8 5 7 6 11 9 16 17 8 1 22 14 6 5 3 1 16 5 2 12 9 7 8 1 12 18 4 4 8 18 12 9 7 5 13 6 3 
7 2 10 10 12 10 10 14 8 12 9 0 6 7 9 8 5 11 8 13 6 7 5 19 13 10 9 5 3 15 4 6 12 9 11 12 2 1 9 8 3 5 11 6 8 10 9 10 1 2 
10 7 4 8 15 9 4 14 11 6 3 10 0 1 8 5 7 11 10 10 9 9 4 22 7 9 8 6 4 9 6 5 12 12 8 11 2 11 11 2 5 10 16 11 8 10 3 6 5 4 
12 6 3 10 14 11 13 16 10 15 5 9 9 0 10 10 8 10 11 15 8 10 6 21 16 11 10 8 6 8 7 7 11 14 7 9 5 10 10 11 6 9 15 10 7 12 2 12 4 5 
9 8 10 10 12 7 10 15 14 12 9 6 6 7 0 8 5 12 8 13 12 7 10 25 13 15 6 11 9 15 4 8 13 10 8 17 2 7 17 8 3 11 17 11 8 11 9 14 1 2 
14 16 16 12 16 19 18 12 12 6 13 14 12 13 8 0 11 19 13 17 20 13 14 23 7 19 18 16 14 21 12 15 12 17 8 21 10 15 23 14 9 19 25 17 14 14 10 17 9 10 
4 9 6 5 15 14 11 11 11 9 8 10 7 3 6 3 0 13 3 16 11 2 9 22 10 7 13 11 9 11 5 3 14 13 9 9 6 6 13 9 7 8 18 13 10 7 5 15 5 6 
8 1 9 7 11 8 9 13 7 11 8 7 5 6 2 7 4 0 7 12 13 6 3 18 12 9 7 4 2 14 6 5 1 11 9 3 4 8 16 7 2 4 10 5 7 9 8 2 3 4 
1 10 13 2 12 16 14 8 8 15 12 8 9 10 17 10 13 20 0 13 8 10 11 19 16 15 15 13 11 18 2 14 10 19 6 17 7 3 11 11 11 5 19 6 14 4 12 10 9 10 
11 5 5 7 12 8 1 8 12 15 7 6 9 10 12 9 7 12 10 0 12 9 3 23 16 2 7 8 6 10 4 9 10 11 6 4 8 7 12 6 9 8 14 4 1 4 7 14 7 8 
6 9 11 7 13 8 11 13 15 8 10 7 7 8 10 2 6 13 5 14 0 8 11 26 9 16 7 12 10 16 5 9 14 11 9 18 2 8 18 9 4 12 18 8 5 9 10 15 2 3 
2 11 12 3 13 9 12 9 9 7 11 9 8 9 9 1 7 14 1 14 9 0 12 20 8 16 8 14 12 17 3 10 11 12 7 18 4 4 19 10 5 6 20 7 10 5 11 11 3 4 
8 9 10 4 14 5 16 10 15 12 4 15 11 7 9 6 4 10 7 15 15 6 0 26 13 10 4 7 5 15 6 6 11 8 6 12 5 10 17 3 8 12 18 13 16 6 4 12 10 7 
17 12 13 2 12 18 14 8 18 15 12 10 9 10 12 14 13 20 16 13 16 15 13 0 16 15 17 8 13 18 5 9 10 21 6 17 11 11 20 11 11 15 21 17 14 4 12 15 11 12 
7 9 11 5 9 8 11 11 5 13 10 7 7 8 1 8 6 13 6 10 13 7 11 16 0 12 7 12 10 16 5 9 14 11 9 14 3 8 18 9 4 12 18 14 11 7 10 15 2 3 
11 3 15 12 13 17 15 15 9 13 14 9 11 12 10 12 14 22 10 14 15 11 12 20 14 0 16 6 4 20 12 7 17 20 13 2 11 10 22 13 12 6 12 7 15 11 14 11 10 11 
13 5 15 14 13 1 15 9 11 15 14 11 11 12 8 13 10 6 12 14 17 12 9 22 16 10 0 5 3 20 2 6 7 4 2 9 10 12 22 13 8 8 14 9 15 5 14 8 9 10 
13 8 9 14 18 14 9 20 14 11 8 10 5 6 4 10 9 16 12 19 16 11 9 25 12 5 13 0 9 14 8 1 17 17 13 7 6 11 16 7 7 11 17 12 13 16 8 18 5 6 
15 10 11 16 20 16 11 22 16 13 10 12 7 8 6 12 11 18 14 21 18 13 11 27 14 7 15 2 0 16 10 3 19 19 15 9 8 13 18 9 9 13 19 14 15 18 10 20 7 8 
4 3 11 5 6 10 8 8 2 11 10 4 7 8 4 5 6 2 3 7 7 4 5 13 8 9 9 6 4 0 5 7 3 13 6 5 6 5 2 9 4 6 12 2 8 4 10 4 5 6 
11 12 13 12 8 15 8 15 18 16 14 13 14 10 13 10 7 20 10 7 19 9 10 29 17 9 14 15 13 18 0 10 17 18 13 11 13 14 20 13 14 15 21 11 8 11 12 22 12 13 
12 7 8 13 17 13 8 19 13 10 7 9 4 5 3 9 8 15 11 18 15 10 8 24 11 4 12 10 8 13 7 0 16 16 12 6 5 10 15 6 6 10 16 11 12 15 7 17 4 5 
7 13 8 8 18 11 8 14 15 10 7 11 4 5 9 6 3 15 6 19 14 5 6 13 11 10 10 10 8 13 8 6 0 14 12 12 6 9 15 6 1 11 22 9 6 10 7 5 8 9 
10 3 11 11 9 10 11 5 9 13 10 9 7 8 4 9 6 2 9 10 15 8 5 20 14 12 9 6 4 16 8 7 3 0 3 5 6 10 18 9 4 6 12 7 11 1 10 4 5 6 
11 17 12 12 22 15 12 18 19 14 11 15 8 9 13 10 7 19 10 23 18 9 10 17 15 14 14 14 12 17 12 10 4 18 0 16 10 13 19 10 5 15 26 13 10 14 11 9 12 13 
9 1 13 10 11 15 13 13 7 11 12 7 9 10 8 10 12 20 8 12 13 9 10 18 12 9 14 4 2 18 10 5 15 18 11 0 9 8 20 11 10 4 10 5 13 9 12 9 8 9 
9 11 10 10 12 15 10 16 17 12 9 9 6 7 11 8 5 17 8 13 15 7 10 15 13 15 14 12 10 15 4 8 18 18 14 17 0 10 17 8 3 14 20 7 8 12 9 12 10 2 
7 14 16 8 18 13 16 14 14 12 15 12 12 13 14 6 11 18 6 19 5 5 16 25 13 21 12 17 15 21 8 14 16 16 12 23 7 0 8 14 9 11 23 13 10 10 15 20 7 8 
11 15 7 12 15 14 17 17 11 13 13 16 13 14 7 7 12 14 10 16 5 13 14 22 6 18 13 16 14 12 12 11 15 17 15 17 7 13 0 15 10 18 24 14 11 13 16 16 8 9 
11 10 12 6 16 7 12 12 16 9 1 12 8 9 6 3 7 12 10 17 18 9 2 27 10 7 6 4 2 17 6 3 13 10 8 9 2 13 19 0 5 13 19 13 10 8 6 14 7 4 
6 12 7 7 17 12 7 13 14 9 6 10 3 4 8 5 2 14 5 18 13 4 7 12 10 9 11 9 7 12 7 5 15 15 11 11 5 8 14 5 0 10 21 8 5 9 6 9 7 8 
5 13 14 6 7 11 9 9 3 12 9 14 10 11 14 6 10 16 4 8 12 5 6 14 13 10 10 12 10 19 6 11 11 14 7 12 9 7 21 8 10 0 22 12 9 5 13 5 8 9 
9 11 11 7 11 14 13 7 7 1 8 9 7 8 3 9 6 14 8 12 15 8 9 18 2 14 13 11 9 16 7 10 7 12 3 16 5 10 18 9 4 14 0 12 9 9 5 16 4 5 
6 4 12 12 14 12 12 16 10 14 9 2 8 9 11 10 7 17 10 15 8 9 7 21 15 12 11 7 5 17 7 8 18 15 13 14 4 3 11 10 5 7 13 0 10 12 6 12 3 4 
9 7 15 15 17 15 15 19 13 17 12 5 11 12 14 13 10 20 13 18 11 12 10 24 18 15 14 10 8 20 10 11 21 18 16 17 7 6 14 13 8 10 16 3 0 15 9 15 6 7 
13 14 9 7 8 14 10 4 16 11 8 15 5 6 13 10 9 16 12 9 21 11 9 27 12 11 13 11 9 14 11 10 6 17 2 13 7 16 16 7 7 17 23 13 10 0 8 11 10 9 
10 12 11 8 13 9 11 14 18 13 3 14 7 8 8 9 6 14 9 14 17 8 4 16 14 9 8 6 4 16 5 5 9 12 5 11 4 12 18 9 4 15 21 12 9 10 0 16 9 3 
9 9 11 5 15 6 17 11 15 12 4 7 11 8 9 6 5 11 8 16 13 7 1 26 13 10 5 7 5 16 7 6 12 9 7 12 5 8 18 3 8 12 18 5 17 7 5 0 8 7 
8 7 9 9 17 6 9 14 13 11 8 5 5 6 10 7 4 11 7 18 11 6 9 24 12 11 5 10 8 14 3 7 12 9 7 13 1 6 16 7 2 10 16 10 7 10 8 13 0 1 
7 13 8 8 10 13 8 14 15 10 7 11 4 5 9 6 3 15 6 11 14 5 8 13 11 13 12 10 8 13 2 6 16 16 12 15 6 9 15 6 1 11 22 9 6 10 7 10 8 0 

