55 2

1 1 1 1 1 1 1 1 1 1 1 1 1 1 1 1 1 1 1 1 1 1 1 1 1 1 1 1 1 1 1 1 1 1 1 1 1 1 1 1 1 1 1 1 1 1 1 1 1 1 1 1 1 1 1 

0 6 10 5 14 11 10 3 12 11 12 4 9 6 14 9 16 4 8 10 9 8 7 11 7 1 6 5 7 14 10 14 2 12 7 6 11 8 10 7 20 8 16 2 9 5 10 7 17 13 10 5 13 7 15 
9 0 8 10 16 10 12 12 7 15 11 9 12 11 13 18 17 9 6 4 11 14 12 10 13 10 15 10 12 11 15 11 7 11 16 6 8 7 9 11 17 5 13 11 10 10 15 17 16 11 12 10 12 13 17 
9 11 0 5 8 2 4 6 9 7 10 7 4 4 17 12 15 2 6 9 3 6 4 9 8 4 9 8 5 10 11 16 5 10 10 4 10 5 8 3 16 10 8 5 8 3 13 11 15 3 6 3 11 5 9 
16 24 13 0 21 15 17 19 22 20 18 20 17 12 30 25 28 15 11 22 16 12 17 20 11 17 14 21 18 16 24 22 18 23 23 17 15 18 21 16 22 23 18 18 21 16 26 24 26 16 19 16 24 10 22 
10 10 7 5 0 5 3 13 4 14 9 9 11 2 10 11 19 9 5 9 4 12 4 8 11 11 4 10 12 9 3 16 7 2 17 8 9 5 7 10 15 10 11 12 12 10 15 15 14 10 10 10 10 4 10 
14 16 8 11 16 0 12 14 15 15 15 12 12 9 22 20 20 7 14 14 11 14 10 14 16 12 14 13 10 18 13 21 10 15 18 9 18 11 13 11 24 15 16 13 13 8 18 19 20 11 14 8 16 13 17 
7 15 4 9 4 6 0 10 8 11 6 11 8 3 14 15 19 6 2 13 7 9 8 5 8 8 5 10 9 7 7 12 9 6 14 8 6 9 12 7 13 13 9 9 12 7 15 12 11 7 7 7 15 1 13 
7 11 14 12 14 16 10 0 13 18 10 11 16 10 21 16 25 11 12 15 17 13 14 9 12 8 3 12 14 8 17 15 9 16 14 13 8 15 8 17 14 16 10 9 18 12 17 16 15 17 11 12 11 11 23 
9 7 11 6 15 12 11 8 0 12 11 5 10 7 6 18 15 5 9 9 10 9 8 10 8 10 11 6 8 16 11 16 3 13 16 4 13 9 11 14 22 10 15 11 8 6 11 17 16 14 12 6 14 8 16 
11 4 11 8 11 11 7 12 6 0 3 9 9 3 12 18 18 4 9 8 14 6 7 2 5 10 4 7 7 8 10 9 7 13 16 6 8 8 1 14 14 9 10 11 11 5 12 9 8 14 4 5 4 8 20 
9 11 8 13 8 10 4 12 9 10 0 12 12 7 13 18 15 10 6 9 11 13 12 9 12 10 9 4 13 5 11 13 10 10 16 9 5 6 8 11 11 7 7 11 8 7 9 6 15 11 1 11 7 5 17 
11 11 6 11 10 8 6 12 13 7 10 0 10 5 10 18 21 8 4 6 5 12 10 9 14 10 7 1 11 9 13 13 11 12 16 10 10 7 8 9 15 7 11 11 14 9 6 16 15 9 11 9 11 3 11 
16 15 15 13 8 2 11 13 10 21 14 14 0 10 16 19 22 9 13 16 12 17 12 13 16 17 7 15 12 12 11 9 12 10 17 11 12 13 12 18 10 17 14 12 15 10 20 20 19 18 15 10 15 12 18 
20 13 17 17 11 19 14 13 15 9 12 18 18 0 12 22 18 13 15 13 15 15 16 11 14 19 15 16 16 17 14 20 16 13 17 15 17 9 10 20 23 14 19 12 20 14 8 18 17 20 13 14 13 15 21 
8 10 11 5 12 8 8 11 4 13 9 6 6 3 0 15 14 1 9 8 14 12 4 8 11 9 8 7 4 14 7 15 4 9 15 3 12 5 7 14 20 9 16 10 7 2 12 15 14 14 10 2 10 8 20 
8 11 7 8 15 9 11 9 11 10 10 11 11 10 17 0 22 9 5 3 10 13 7 9 12 7 12 12 12 10 18 10 9 10 13 11 7 6 8 7 16 4 12 8 15 10 17 16 15 6 11 10 11 12 16 
3 9 8 8 8 10 4 6 12 14 4 7 12 7 17 12 0 7 6 4 3 13 10 9 12 4 9 8 10 9 11 11 5 10 10 9 8 7 9 11 15 5 8 5 3 8 13 10 15 11 5 8 12 5 9 
7 9 10 4 11 7 7 10 8 12 8 5 5 2 15 14 13 0 8 7 13 11 3 7 10 8 7 6 3 13 6 14 3 8 14 2 11 4 6 13 19 8 15 9 6 1 11 14 13 13 9 1 9 7 19 
11 13 2 7 10 4 6 8 12 9 12 9 6 6 19 14 17 4 0 11 5 8 6 11 10 6 11 10 7 5 13 11 7 12 12 6 4 7 10 5 11 12 7 7 10 5 15 13 17 5 8 5 13 7 11 
5 8 4 9 12 6 8 8 8 11 7 9 8 7 14 14 19 6 2 0 7 10 8 6 9 6 11 10 9 7 15 7 7 7 12 8 4 3 5 7 13 1 9 7 12 7 15 13 12 7 8 7 8 9 13 
8 16 5 10 5 7 1 11 9 12 7 12 9 4 15 16 20 7 3 14 0 10 9 6 9 9 6 11 10 8 8 13 10 7 15 9 7 10 13 8 14 14 5 10 13 8 16 13 12 8 8 8 16 2 6 
13 10 14 9 14 4 10 6 18 15 16 8 13 8 18 12 19 8 12 13 9 0 11 15 2 4 9 9 11 17 17 17 6 16 10 10 14 12 14 10 23 11 14 5 12 7 14 10 21 17 13 9 17 11 15 
10 6 9 1 10 11 6 13 5 7 5 10 11 5 10 19 20 6 7 5 12 8 0 4 7 11 11 9 9 10 13 12 8 5 8 8 9 1 3 12 16 6 12 12 13 7 6 11 10 12 6 7 6 7 18 
9 11 9 6 9 9 5 10 8 11 1 7 7 1 14 16 16 2 7 8 12 4 5 0 3 8 9 5 5 6 8 7 5 11 14 4 6 6 8 12 12 8 8 9 9 3 10 7 6 12 2 3 11 6 18 
14 11 13 10 15 5 11 7 19 14 17 7 14 6 17 13 20 9 11 14 12 1 12 16 0 5 10 8 12 15 18 18 7 17 11 11 15 13 15 16 21 12 17 6 13 5 13 11 22 16 18 10 18 10 18 
9 6 10 5 10 11 6 2 14 11 12 4 9 6 14 8 15 4 8 9 5 8 7 11 7 0 5 5 7 13 13 13 2 12 6 6 10 8 10 6 19 7 10 1 8 5 10 6 17 13 9 5 13 7 11 
14 16 11 13 11 13 7 17 8 18 10 12 16 10 14 22 20 11 9 14 14 13 14 9 12 15 0 13 14 5 14 12 10 13 21 9 5 15 13 14 11 15 7 16 13 12 18 16 15 14 11 12 16 8 20 
17 10 9 14 9 11 5 10 12 6 9 15 13 8 9 20 15 10 7 10 4 12 13 8 11 13 13 0 13 14 12 17 13 11 14 12 11 6 7 12 20 11 9 9 17 11 5 15 14 12 10 11 10 6 10 
8 16 12 13 10 4 13 8 14 19 15 12 2 12 22 17 14 12 10 8 15 18 15 14 17 9 11 13 0 15 13 15 10 12 12 14 12 11 13 15 12 9 17 7 7 13 18 15 20 15 16 13 16 14 21 
9 11 6 10 6 8 2 12 10 13 5 11 11 5 18 17 20 6 4 12 9 8 9 4 7 10 7 9 9 0 9 11 9 8 16 8 8 10 8 9 6 12 2 11 13 7 14 11 10 9 6 7 11 3 15 
7 15 4 9 12 6 8 10 16 11 11 11 8 3 21 8 19 6 2 11 7 10 8 10 12 8 1 12 9 6 0 18 9 14 14 8 6 9 12 7 12 12 8 9 12 7 17 17 16 7 12 7 15 1 13 
10 8 10 7 10 12 6 4 1 13 13 6 11 8 7 19 16 6 8 10 5 10 9 13 9 11 7 7 9 14 13 0 4 12 8 5 14 10 12 7 20 11 10 3 9 7 12 15 19 13 10 7 7 7 11 
9 4 8 3 12 9 8 12 10 9 10 2 7 4 12 16 15 2 6 8 7 6 5 9 5 10 9 3 5 11 8 15 0 10 16 4 12 6 8 11 17 9 13 11 8 3 8 16 15 11 11 3 11 5 13 
8 7 5 8 5 7 1 11 2 12 6 7 9 4 8 16 17 7 3 11 8 9 9 5 8 9 6 8 10 11 8 12 5 0 15 6 7 10 4 8 17 12 13 10 10 8 13 12 11 8 7 8 7 2 14 
13 9 12 13 12 14 8 16 11 17 8 14 14 8 20 22 19 9 10 13 15 11 12 7 10 14 13 11 12 9 15 17 12 14 0 11 14 13 6 15 15 11 11 15 12 10 16 10 13 15 5 10 9 9 21 
5 5 9 4 13 10 9 8 11 10 11 3 8 5 13 14 11 3 7 5 8 7 6 10 6 6 10 4 6 12 9 12 1 11 12 0 9 7 9 12 18 6 14 7 4 4 9 12 16 12 12 4 12 6 14 
9 9 13 8 17 14 13 12 8 14 15 7 12 9 17 18 15 7 11 9 12 11 10 14 10 10 14 8 10 16 13 7 5 15 16 4 0 11 13 16 22 10 18 11 8 8 13 16 20 16 16 8 16 10 18 
9 5 8 9 9 10 5 12 6 14 4 10 10 4 12 18 19 5 6 4 11 7 8 3 6 10 10 8 8 9 12 11 8 4 16 7 8 0 2 11 15 5 11 11 12 6 13 10 9 11 5 6 5 6 17 
10 3 10 7 10 10 6 11 5 12 2 8 8 2 11 17 17 3 8 7 13 5 6 1 4 9 10 6 6 7 9 8 6 12 15 5 11 7 0 13 13 8 9 10 10 4 11 8 7 13 3 4 3 7 19 
11 13 10 15 10 12 6 14 14 15 12 15 14 9 18 20 17 12 8 11 6 15 14 11 14 12 11 9 15 7 13 15 13 12 18 14 12 8 10 0 13 9 9 13 10 13 14 8 17 13 3 13 13 7 12 
12 5 12 9 12 12 8 13 7 14 4 10 10 4 13 19 19 5 10 9 15 7 8 3 6 11 12 8 8 9 11 10 8 14 17 7 13 9 2 15 0 10 11 12 12 6 13 10 9 15 5 6 5 9 21 
4 10 3 8 11 5 7 7 7 10 13 8 7 7 13 13 18 5 1 12 6 9 7 12 11 5 10 9 8 6 14 6 6 13 11 7 3 8 11 6 12 0 8 6 11 6 14 14 18 6 9 6 14 8 12 
20 20 15 19 17 17 13 21 14 16 16 9 19 14 19 27 26 17 13 15 14 19 19 15 18 19 6 10 20 11 20 22 16 19 25 15 11 16 17 18 17 16 0 20 19 18 15 22 21 18 17 18 20 12 20 
8 14 15 13 15 17 11 1 16 19 13 12 17 13 22 17 24 12 13 18 18 16 15 12 15 9 4 13 15 9 18 16 10 17 5 14 9 16 11 18 15 16 11 0 17 13 18 15 18 18 10 13 14 12 24 
1 9 5 6 13 7 9 4 9 12 8 5 10 7 15 10 7 5 3 1 8 11 8 7 10 2 7 6 8 8 11 8 3 8 8 7 5 4 6 8 14 2 10 3 0 6 11 8 13 8 9 6 9 10 14 
11 19 10 15 10 12 6 14 14 15 12 15 14 1 18 20 17 12 8 11 13 15 14 11 14 12 11 9 15 13 13 15 13 12 18 14 12 15 16 13 19 9 15 13 10 0 14 8 17 13 13 13 19 7 19 
12 5 9 9 10 11 6 5 7 1 4 10 10 4 4 19 10 5 7 5 12 7 8 3 6 11 8 8 8 9 13 12 8 5 9 7 9 1 2 12 15 6 11 4 12 6 0 10 9 12 5 6 5 7 18 
3 11 4 8 12 6 8 6 8 7 10 7 8 8 10 12 9 6 2 3 7 13 8 9 12 4 9 1 9 7 15 7 5 10 10 8 4 6 8 7 13 1 9 5 2 7 6 0 15 7 11 7 11 9 13 
3 10 6 8 14 8 10 6 10 13 9 7 10 7 17 12 19 7 4 2 9 12 10 8 11 4 9 8 10 9 13 9 5 9 10 9 6 5 7 9 15 3 11 5 12 8 13 10 0 9 10 8 10 5 15 
6 8 10 2 11 12 7 3 6 4 7 5 10 7 15 9 18 5 8 6 6 10 1 6 9 1 6 6 8 8 14 13 3 6 7 7 10 2 5 1 14 7 10 2 11 6 11 9 12 0 4 6 8 8 12 
8 10 7 12 7 9 3 11 11 12 9 12 11 6 15 17 14 9 5 8 10 12 11 8 11 9 8 6 12 4 10 12 10 9 15 11 9 5 7 10 10 6 6 10 7 10 11 5 14 10 0 10 10 4 16 
10 18 14 15 12 6 15 10 16 21 17 14 4 14 24 19 16 14 12 10 17 20 17 16 19 11 13 15 2 17 15 17 12 14 14 16 14 13 15 17 14 11 19 9 9 15 20 17 22 17 18 0 18 16 23 
11 9 13 8 17 14 13 10 2 14 15 7 12 9 8 20 17 7 11 11 12 11 10 14 10 12 6 8 10 11 13 18 5 15 18 6 15 11 13 8 17 12 13 13 10 8 13 16 20 16 11 8 0 10 18 
6 14 3 8 11 5 7 9 13 10 13 10 7 2 20 15 18 5 1 12 6 9 7 12 11 7 4 11 8 6 14 12 8 13 13 7 5 8 11 6 12 13 8 8 11 6 16 14 18 6 9 6 14 0 12 
11 13 10 8 10 10 6 14 14 12 2 14 8 9 15 20 17 12 8 11 13 15 14 11 14 12 11 6 6 7 13 15 12 12 18 11 7 8 10 13 13 9 9 13 10 13 11 8 17 13 3 4 13 7 0 

