55 1

1 1 1 1 1 1 1 1 1 1 1 1 1 1 1 1 1 1 1 1 1 1 1 1 1 1 1 1 1 1 1 1 1 1 1 1 1 1 1 1 1 1 1 1 1 1 1 1 1 1 1 1 1 1 1 

0 4 7 6 13 8 6 6 1 10 4 9 9 10 8 10 1 6 5 7 3 10 7 3 4 10 7 2 13 4 3 9 13 8 4 3 6 5 9 7 4 2 13 6 5 13 9 14 5 5 4 4 5 6 7 
13 0 16 11 19 5 16 12 10 17 10 11 11 15 14 5 14 16 17 18 6 16 13 8 17 16 19 12 9 11 9 13 15 10 12 15 12 15 10 13 7 15 19 12 12 17 13 10 11 10 14 17 18 19 11 
8 6 0 7 18 11 3 7 8 6 5 7 10 11 13 12 9 12 13 17 4 15 8 5 12 15 14 8 13 12 5 9 11 6 8 10 7 11 6 9 3 10 15 8 9 13 9 14 7 8 1 12 13 14 7 
10 7 13 0 13 12 11 9 7 12 7 8 12 18 16 13 9 8 15 20 3 18 10 13 14 18 12 9 14 14 6 10 12 2 11 8 9 7 13 10 4 12 16 9 5 14 12 15 8 7 9 12 13 14 10 
9 7 1 8 0 14 4 3 9 14 6 8 6 12 9 13 7 11 14 13 5 11 9 7 13 11 10 4 14 13 6 10 12 7 9 6 8 10 7 10 4 11 16 9 10 14 10 15 8 9 2 10 11 12 8 
11 4 15 11 14 0 10 14 12 11 12 15 6 8 9 9 12 11 10 13 10 11 15 7 15 11 18 13 15 15 13 11 19 13 12 14 14 10 13 16 11 13 23 16 12 15 14 8 14 14 15 15 16 17 12 
5 9 9 4 15 13 0 4 5 10 2 7 7 8 10 9 6 10 10 14 7 12 5 8 9 12 11 5 10 9 8 6 11 4 5 7 4 9 3 6 8 7 18 11 7 10 6 11 4 10 6 9 10 11 4 
9 7 10 8 11 11 4 0 9 8 6 8 3 12 6 13 4 8 14 10 5 8 9 4 13 8 7 1 12 13 6 8 12 7 9 3 8 7 7 10 4 11 16 9 9 12 10 13 8 9 2 7 8 9 8 
21 24 27 23 26 28 23 26 0 23 24 25 18 27 21 30 21 23 22 25 20 23 27 17 21 23 24 23 27 25 23 23 29 25 22 20 24 22 24 27 21 19 33 26 24 27 23 28 25 22 21 24 25 26 21 
3 7 10 5 12 11 9 9 4 0 7 9 12 9 7 8 4 8 8 11 4 9 10 6 7 9 10 5 7 7 7 3 13 5 2 6 4 8 4 11 5 5 17 10 8 7 3 8 9 8 7 7 8 9 1 
3 7 7 5 13 11 6 2 3 9 0 5 5 11 8 7 4 10 8 12 6 10 3 6 7 10 9 3 9 7 6 5 9 7 4 5 2 9 6 4 7 5 16 9 8 9 5 10 2 8 4 7 8 9 3 
8 11 12 4 11 16 14 11 9 6 9 0 14 12 6 16 9 7 7 10 7 8 12 11 12 8 15 10 6 12 10 2 4 2 8 11 10 7 7 13 8 10 20 13 5 6 9 7 11 11 12 12 13 14 7 
8 11 9 9 8 16 11 7 8 5 5 10 0 9 3 12 9 5 11 7 8 5 8 1 12 5 14 8 9 12 11 5 14 10 6 10 7 4 9 9 9 10 12 14 6 9 8 10 7 13 10 12 13 14 6 
3 2 10 3 13 7 2 6 4 12 4 9 5 0 8 11 4 10 2 12 6 10 7 6 7 10 10 5 12 7 6 8 13 5 7 6 6 9 5 8 7 5 16 9 8 12 8 13 6 8 7 7 8 9 6 
6 9 6 6 5 14 9 5 6 6 3 8 8 12 0 10 7 2 11 4 5 2 6 9 10 2 12 6 6 10 8 2 12 8 3 8 5 1 7 7 6 8 9 11 3 6 9 7 5 9 7 10 11 12 7 
8 5 11 6 18 10 11 7 5 12 5 6 10 10 13 0 9 10 12 17 1 15 8 11 12 15 14 7 12 6 4 8 10 5 7 10 7 9 5 8 2 10 14 7 7 12 8 6 6 5 9 12 13 14 6 
9 11 6 13 12 7 9 12 10 13 10 13 15 17 7 17 0 9 14 11 10 9 13 12 13 9 9 10 13 8 11 9 17 12 10 12 12 8 12 14 9 11 21 14 9 13 15 14 12 14 7 3 4 5 13 
7 11 8 7 7 15 11 10 8 4 12 13 13 13 12 9 8 0 12 16 8 14 15 10 11 14 14 9 11 11 11 7 17 9 6 10 8 13 8 6 9 9 21 14 12 11 7 12 13 12 9 11 12 10 5 
1 5 8 1 14 9 7 7 2 11 5 10 10 5 9 11 2 7 0 8 4 11 8 4 5 11 8 3 14 5 4 10 14 3 5 4 7 6 10 8 5 3 14 7 6 14 10 15 6 6 5 5 6 7 8 
7 11 11 7 17 12 13 13 8 18 11 16 16 11 12 17 5 14 6 0 10 14 14 10 11 14 14 9 18 11 10 14 20 9 11 10 13 13 16 14 11 9 20 13 12 18 16 19 12 12 11 8 9 10 14 
7 4 10 8 17 9 10 6 4 11 4 5 9 15 12 10 8 10 12 16 0 14 7 10 11 14 13 6 11 11 3 7 9 4 8 9 6 9 10 7 1 9 13 6 7 11 9 12 5 4 8 11 12 13 7 
4 7 4 6 14 12 7 3 4 10 1 6 6 12 9 8 5 11 9 13 3 0 4 7 8 11 10 4 10 8 6 6 10 8 1 6 3 10 7 5 4 6 16 9 9 10 6 11 3 7 5 8 9 10 4 
3 4 10 6 13 11 9 9 4 8 7 2 12 13 8 9 4 6 8 12 6 10 0 6 7 10 10 5 8 7 6 4 6 4 7 6 9 5 9 10 7 5 8 9 8 8 11 9 8 8 7 7 8 9 9 
6 10 12 8 19 14 12 7 7 10 5 10 10 12 14 12 7 11 11 13 7 16 8 0 10 16 13 8 10 10 10 6 14 8 5 9 7 11 7 9 8 8 20 13 11 10 6 11 7 11 10 10 11 12 4 
2 6 9 2 15 10 8 8 3 12 6 11 11 6 10 12 3 8 1 9 5 12 9 5 0 12 9 4 15 6 5 11 15 4 6 5 8 7 11 9 6 4 15 8 7 15 11 16 7 1 6 6 7 8 9 
11 11 4 4 3 17 7 6 12 8 9 12 9 15 12 16 10 4 16 16 7 14 12 10 15 0 13 7 15 15 10 11 15 6 10 9 11 3 10 13 8 13 11 13 1 15 11 16 11 11 5 13 14 15 9 
6 3 9 7 16 8 9 5 5 12 3 8 8 14 11 9 7 13 11 15 9 13 6 9 10 13 0 1 12 10 2 8 12 6 7 8 5 12 9 6 10 8 12 5 9 12 8 13 4 11 7 10 11 12 6 
15 13 10 9 16 10 10 6 15 17 12 14 9 18 11 11 10 13 20 15 12 13 15 10 19 13 13 0 17 19 12 13 18 11 14 9 14 12 13 8 10 17 22 15 14 17 16 18 14 16 8 7 14 9 14 
4 8 11 2 13 12 8 11 5 8 9 10 14 6 8 9 5 8 8 12 5 10 12 7 8 10 11 6 0 8 8 4 14 2 3 7 5 7 1 12 6 6 18 11 5 8 4 1 10 9 8 8 9 10 2 
11 14 7 13 13 19 10 13 12 8 11 16 16 17 8 9 12 4 16 12 10 10 14 5 15 10 18 14 14 0 13 10 15 13 10 14 12 3 12 15 11 13 11 16 1 14 11 15 13 14 8 15 16 6 9 
4 1 7 5 14 6 7 3 3 10 1 6 6 12 9 7 5 11 9 13 7 11 4 7 8 11 10 3 10 8 0 6 10 4 5 6 3 10 7 4 8 6 10 3 7 10 6 11 2 9 5 8 9 10 4 
7 12 10 6 9 15 12 9 8 4 7 12 12 10 4 14 8 6 12 8 8 6 10 10 11 6 14 10 4 11 11 0 16 6 6 10 8 5 5 11 9 9 13 14 7 4 7 5 9 12 11 11 12 13 5 
4 8 11 4 17 12 10 10 5 14 8 13 13 8 12 14 5 10 3 11 7 14 11 7 8 14 11 6 17 8 7 13 0 6 8 7 10 9 13 11 8 6 17 10 9 17 13 18 9 9 8 8 9 10 11 
12 9 12 10 11 14 9 11 11 10 9 10 14 14 14 15 7 6 16 18 10 16 12 11 16 16 10 11 8 16 8 12 14 0 11 6 11 5 9 12 6 14 18 11 3 16 12 9 10 14 7 10 11 12 10 
3 6 10 9 16 11 9 8 4 13 6 7 11 13 11 6 4 9 8 10 2 13 9 6 7 13 10 5 13 7 5 9 11 6 0 6 2 8 12 9 3 5 15 8 8 13 11 14 7 6 7 7 8 9 9 
8 6 7 7 13 8 3 7 8 13 5 7 10 11 8 12 1 10 13 12 4 10 8 5 12 10 4 5 13 12 5 9 11 6 8 0 7 9 6 9 3 10 15 8 9 13 9 14 7 8 1 4 5 6 7 
1 5 8 7 14 9 7 7 2 11 5 10 10 11 9 4 2 7 6 8 4 11 8 4 5 11 8 3 14 5 4 10 14 9 5 4 0 6 10 8 5 3 14 7 6 14 10 15 6 6 5 5 6 7 8 
8 12 7 8 6 16 10 10 9 5 12 14 13 14 13 10 9 1 13 17 9 15 15 5 12 15 15 11 12 12 12 8 12 10 7 11 9 0 9 7 10 10 8 15 13 12 8 13 14 13 8 12 13 11 6 
3 7 10 1 12 11 7 10 4 7 8 9 13 5 7 8 4 7 7 11 4 9 11 6 7 9 10 5 7 7 7 3 13 1 2 6 4 6 0 11 5 5 17 10 4 7 3 8 9 8 7 7 8 9 1 
11 8 5 1 11 15 8 4 10 12 8 9 7 16 6 3 8 8 16 10 4 8 11 8 15 8 11 5 12 9 7 8 13 3 9 7 10 7 11 0 5 13 17 10 6 12 14 13 9 8 6 11 12 4 12 
6 3 9 7 16 8 9 5 5 10 3 4 8 14 11 9 7 9 11 15 9 13 6 9 10 13 12 5 10 10 2 6 8 3 7 8 5 8 9 6 0 8 12 5 6 10 8 11 4 11 7 10 11 12 6 
2 5 8 4 9 9 4 7 3 8 5 6 10 8 9 11 2 4 3 5 1 11 8 5 2 11 5 4 12 6 4 8 10 6 6 1 7 3 7 8 2 0 14 7 7 12 10 13 6 3 2 5 6 7 8 
8 4 12 8 13 9 6 2 9 10 7 10 5 12 8 9 6 10 7 12 7 10 10 6 12 10 9 3 14 12 6 10 4 10 11 5 9 9 9 10 6 10 0 4 11 14 12 15 8 13 4 9 10 11 10 
6 2 9 7 16 7 9 5 5 12 3 8 8 14 11 9 7 9 11 15 9 13 6 9 10 13 12 5 12 5 2 8 11 6 7 8 5 8 9 6 10 8 7 0 6 12 8 13 4 11 7 10 11 12 6 
10 13 9 10 8 18 12 12 11 7 13 14 15 16 15 8 11 3 15 19 9 17 16 7 14 17 17 13 14 14 12 10 14 12 9 13 11 2 11 9 10 12 10 15 0 14 10 15 14 15 10 14 15 13 8 
7 10 14 13 20 15 13 12 8 9 10 11 15 17 15 10 8 13 12 14 6 17 13 10 11 17 14 9 16 11 9 12 15 10 4 10 6 12 13 13 7 9 19 12 12 0 12 17 11 12 11 11 12 13 10 
4 8 11 2 13 12 8 11 5 8 9 10 14 6 8 9 5 8 8 12 5 10 12 7 8 10 11 6 8 8 8 4 14 2 3 7 5 7 1 12 6 6 18 11 5 8 0 9 10 9 8 8 9 10 2 
6 10 13 12 19 14 12 12 7 14 10 8 15 16 14 16 7 12 11 13 9 16 6 9 10 16 13 8 14 10 9 10 12 10 10 9 12 11 15 13 10 8 19 12 11 14 15 0 11 11 10 10 11 12 13 
13 10 5 3 14 9 8 6 1 15 10 11 9 16 9 5 2 11 18 13 6 11 13 10 17 11 13 1 15 11 9 11 15 5 12 9 12 10 11 2 7 15 19 12 8 15 14 16 0 5 6 5 6 7 12 
10 7 13 11 20 12 13 9 9 14 7 8 12 18 15 13 11 13 15 19 13 17 10 13 14 17 16 9 14 14 6 10 12 7 11 12 9 12 13 10 4 12 16 9 10 14 12 15 8 0 11 14 15 16 10 
7 5 11 6 17 10 2 6 7 12 4 6 9 10 12 11 8 11 12 16 3 14 7 4 11 14 13 7 12 11 4 8 10 5 7 9 6 10 5 8 2 9 14 7 8 12 8 13 6 7 0 11 12 13 6 
10 9 3 10 9 14 6 9 10 10 7 10 12 14 4 14 11 6 15 8 7 6 10 8 14 6 6 7 10 14 8 6 14 9 7 12 9 5 9 11 6 12 18 11 7 10 12 11 9 11 4 0 15 2 10 
5 7 12 11 18 3 11 11 6 15 9 14 14 15 13 15 6 11 10 12 8 15 12 8 9 15 12 7 18 9 8 14 18 13 9 8 11 10 14 12 9 7 18 11 10 18 14 11 10 10 9 9 0 11 12 
8 7 1 8 7 12 4 7 8 8 5 8 10 12 2 12 9 4 13 6 5 4 8 6 12 4 14 8 8 12 6 4 12 7 5 10 7 3 7 9 4 10 16 9 5 8 10 9 7 9 2 12 13 0 8 
2 7 9 4 11 10 8 9 3 6 7 8 12 8 6 7 3 8 7 10 3 8 10 5 6 8 9 4 6 6 6 2 12 4 1 5 3 7 3 10 4 4 16 9 7 6 2 7 8 7 6 6 7 8 0 

