55 1

1 1 1 1 1 1 1 1 1 1 1 1 1 1 1 1 1 1 1 1 1 1 1 1 1 1 1 1 1 1 1 1 1 1 1 1 1 1 1 1 1 1 1 1 1 1 1 1 1 1 1 1 1 1 1 

0 15 8 8 6 13 13 6 5 16 10 14 5 16 4 11 11 14 4 15 15 11 8 9 16 13 13 9 12 9 8 18 7 14 9 14 10 10 16 6 10 5 6 9 4 6 12 11 15 7 1 12 14 11 9 
12 0 8 9 7 14 14 10 7 1 6 3 6 5 9 11 7 8 4 5 12 5 8 5 15 7 9 4 8 3 2 8 9 10 10 10 11 9 12 9 9 12 8 3 7 11 7 12 16 8 8 14 10 10 9 
7 10 0 3 1 8 8 11 8 11 10 11 8 9 10 7 8 12 11 13 10 9 6 9 19 11 13 12 10 13 6 10 12 14 4 9 5 13 9 10 5 12 7 7 11 12 12 5 10 2 8 16 12 6 7 
10 7 12 0 4 11 11 8 7 8 12 8 11 10 9 10 5 15 8 12 7 12 9 11 20 14 15 11 13 10 9 15 9 16 7 13 8 14 12 13 2 15 8 10 14 11 15 9 13 5 11 19 10 3 10 
6 9 14 2 0 7 7 10 8 10 13 10 7 9 10 6 7 17 10 14 9 10 5 12 19 12 16 11 9 12 11 9 11 17 3 9 4 13 13 9 4 11 7 8 10 12 11 5 9 1 7 15 11 5 6 
8 11 5 8 6 0 13 9 9 12 9 13 7 15 8 12 10 19 8 10 11 13 11 8 15 15 12 11 13 14 13 13 6 13 9 13 10 9 6 5 6 9 10 11 12 10 4 10 2 7 5 8 4 7 12 
14 7 15 10 8 15 0 12 14 8 12 10 13 12 16 14 9 15 11 12 14 12 13 11 18 14 15 11 15 10 9 15 13 16 11 16 12 12 19 8 12 19 15 10 6 18 14 13 17 9 15 21 17 7 14 
2 12 10 10 8 15 15 0 7 13 12 13 7 15 6 13 10 16 6 15 12 13 10 11 18 15 15 11 14 11 10 20 1 16 11 16 12 12 11 8 7 7 8 11 6 8 14 13 17 9 3 14 9 8 11 
10 13 9 8 6 13 10 8 0 14 10 8 10 10 2 6 5 12 5 15 10 9 3 9 17 11 13 12 7 4 6 19 9 14 9 14 10 11 11 7 10 15 1 7 14 4 15 11 15 7 11 18 9 7 4 
11 8 9 8 6 13 13 9 6 0 5 9 5 11 8 12 6 7 5 4 11 4 9 4 18 6 8 7 7 4 1 7 10 9 9 9 10 12 11 8 10 11 7 2 6 10 10 11 15 7 7 13 9 11 10 
6 7 11 11 9 11 16 4 5 8 0 4 9 6 7 9 1 15 7 5 6 7 6 7 16 10 3 2 8 10 9 8 5 12 12 4 13 10 12 9 7 11 6 7 10 9 5 14 9 5 7 15 10 8 7 
10 11 15 10 13 15 15 8 9 12 4 0 8 2 11 13 5 19 11 9 10 11 10 3 12 6 7 6 12 14 13 14 9 8 16 8 17 6 15 5 11 15 10 11 14 9 9 18 11 9 11 17 13 12 11 
12 17 8 11 9 16 16 14 7 18 10 14 0 16 9 13 11 19 12 15 14 12 10 12 9 14 13 4 14 11 13 11 9 17 12 14 13 18 15 14 9 17 8 10 16 11 7 13 11 10 13 7 13 10 11 
13 14 18 8 12 19 13 11 12 15 7 11 6 0 14 16 8 22 14 12 13 14 13 6 10 4 10 9 15 17 16 12 12 11 15 11 16 4 13 3 10 18 13 14 17 7 11 17 9 13 14 15 11 11 14 
10 11 9 6 10 16 8 12 9 12 8 12 8 14 0 12 9 10 5 16 13 7 9 7 21 9 11 10 13 14 4 19 13 12 7 12 14 15 17 11 8 15 10 5 9 2 13 14 13 11 11 16 15 9 10 
18 16 17 9 13 10 20 16 8 17 18 16 14 18 10 0 13 20 13 20 16 17 11 17 11 19 21 20 15 12 14 13 17 22 16 22 17 5 16 15 11 19 9 15 22 12 14 18 12 14 15 18 14 12 12 
5 14 10 13 11 18 18 3 12 12 7 3 10 5 9 16 0 19 6 16 5 14 13 6 15 9 10 9 17 17 13 17 4 11 14 11 15 9 14 8 14 10 13 14 9 11 12 15 14 12 6 20 12 15 14 
13 1 9 8 10 6 17 11 8 2 7 4 7 6 10 14 8 0 5 6 13 6 11 6 16 8 10 5 9 4 3 9 10 11 13 11 14 10 12 10 10 13 9 4 8 12 8 14 8 11 9 6 10 11 12 
11 17 4 7 5 12 12 14 12 14 10 14 12 13 14 11 11 16 0 18 14 13 10 13 23 15 13 12 14 16 10 21 15 18 8 13 9 17 18 14 9 16 11 11 15 16 16 9 14 6 12 20 16 10 11 
12 14 12 15 13 18 20 10 12 15 7 11 4 13 14 7 8 15 14 0 13 12 13 6 13 14 10 9 3 17 9 3 11 11 16 11 17 14 7 10 11 17 11 10 16 16 12 9 20 12 13 11 5 12 14 
12 15 5 8 6 13 13 16 13 7 12 16 12 14 5 12 13 14 1 11 0 11 11 11 24 13 15 14 14 11 8 14 17 16 9 14 10 18 18 15 10 17 12 9 16 7 17 10 15 7 13 20 16 11 12 
12 8 11 10 8 13 12 10 2 9 13 10 14 12 4 8 7 7 7 13 11 0 5 12 19 15 16 12 9 6 10 16 11 17 11 12 12 13 13 9 6 17 3 11 16 6 15 13 15 9 13 13 11 7 6 
7 13 6 7 5 12 12 5 11 14 8 5 9 7 13 3 2 12 8 12 7 9 0 7 14 11 11 10 4 16 6 16 6 12 8 7 9 8 8 4 9 12 10 7 11 15 13 10 14 6 8 18 6 4 1 
7 8 12 12 10 12 17 5 6 9 1 5 10 7 8 10 2 16 8 6 7 8 7 0 17 11 4 3 9 11 10 9 6 5 13 5 14 11 13 10 8 12 7 8 11 10 6 15 10 6 8 16 11 9 8 
8 15 11 14 12 19 19 16 10 16 12 16 3 18 12 16 13 14 12 20 17 11 13 11 0 13 15 7 17 14 8 2 12 16 15 16 16 18 18 14 12 13 11 9 12 14 10 16 14 13 9 10 16 13 14 
8 17 13 16 14 21 9 6 15 15 10 6 8 8 12 19 3 22 9 19 8 17 16 9 18 0 13 12 20 20 16 7 7 14 17 14 18 12 21 11 17 13 16 17 12 3 15 18 17 15 9 15 19 18 17 
10 4 12 7 5 8 12 8 6 5 10 7 10 9 8 6 5 12 8 9 10 4 3 9 17 11 0 8 7 7 6 12 9 14 8 14 9 11 11 7 9 15 7 7 14 10 12 10 10 2 11 16 9 4 4 
8 10 12 9 7 14 14 11 3 11 13 11 12 13 5 9 8 15 8 15 10 12 6 12 20 14 16 0 10 7 9 18 5 17 10 16 11 14 11 10 5 13 4 10 12 7 3 12 7 8 9 13 9 6 7 
9 11 15 14 12 15 19 7 9 12 4 8 5 10 11 13 5 14 11 8 10 11 10 3 17 13 7 6 0 14 8 11 8 8 15 8 16 11 4 7 11 14 10 9 13 13 9 17 17 9 10 12 2 12 11 
12 13 5 8 6 13 13 10 11 14 6 10 13 12 13 8 7 17 1 11 12 14 5 5 19 16 9 8 9 0 11 14 11 10 9 10 10 13 13 9 10 17 12 12 16 15 11 10 15 7 13 21 11 11 6 
10 7 13 11 13 12 15 8 5 8 4 8 4 10 7 11 5 6 9 12 10 3 8 3 13 5 7 6 12 10 0 15 9 8 16 8 17 7 16 7 11 10 6 1 5 9 9 18 14 9 6 12 14 12 9 
6 13 9 12 10 17 17 14 8 14 10 14 1 16 10 14 11 12 10 18 15 9 11 9 10 11 13 5 15 12 6 0 10 14 13 14 14 16 16 12 10 11 9 7 10 12 8 14 12 11 7 8 14 11 12 
3 18 11 14 12 19 15 9 8 19 13 17 8 19 7 14 14 17 7 14 19 14 11 12 19 16 16 15 15 12 11 17 0 17 15 17 16 13 10 9 16 8 9 12 7 9 18 16 18 13 4 15 8 17 12 
12 14 16 13 11 18 18 15 7 15 17 15 8 17 9 13 12 19 12 19 14 7 10 16 17 9 20 4 14 11 13 16 9 0 14 20 15 11 18 14 9 17 8 5 16 11 7 16 16 12 13 15 16 10 11 
3 17 11 9 7 14 14 7 9 18 10 7 4 9 7 5 4 17 7 14 9 7 2 9 16 9 13 8 6 13 11 18 8 14 0 14 11 10 10 6 10 8 10 5 7 9 8 12 6 8 4 12 8 6 3 
5 17 13 10 8 15 15 3 4 18 13 10 6 12 6 8 7 16 9 17 12 5 5 12 19 7 16 10 9 8 10 14 4 17 11 0 12 13 13 9 12 10 3 3 9 8 13 13 17 9 6 7 11 9 6 
16 10 18 16 14 14 3 14 10 11 12 13 3 15 12 16 11 18 14 15 16 15 13 11 12 8 15 7 17 13 12 14 12 16 17 16 0 12 20 8 12 21 11 13 6 11 10 19 16 8 17 10 18 13 14 
12 11 12 4 8 15 15 12 11 12 12 12 9 14 13 16 9 19 8 13 11 16 13 11 6 18 15 14 16 14 13 8 9 16 11 16 12 0 9 8 6 17 12 14 16 15 7 13 5 9 13 11 7 7 14 
5 10 13 15 13 20 17 3 10 11 11 13 8 15 9 11 10 18 9 4 15 15 8 10 21 17 14 13 7 13 12 7 4 15 6 15 17 15 0 11 16 10 11 13 9 11 14 18 12 14 6 18 9 12 9 
10 11 15 8 12 15 19 8 9 12 4 8 13 10 11 13 5 19 11 9 10 11 10 3 10 14 7 6 12 14 13 12 9 8 15 8 16 4 13 0 10 15 10 11 14 13 9 17 9 9 11 15 11 11 11 
8 5 10 4 2 9 9 6 5 6 10 6 9 8 7 10 3 13 6 10 5 10 7 9 18 12 13 12 11 8 7 13 7 14 5 11 6 12 15 11 0 13 6 8 12 9 13 7 11 3 9 17 13 1 8 
2 9 10 13 11 18 14 8 7 10 12 12 7 14 6 13 13 17 6 14 18 14 10 11 18 16 15 14 14 12 11 17 9 16 14 16 15 12 18 8 15 0 8 12 6 8 17 15 17 12 3 14 16 16 11 
9 14 10 7 5 12 12 7 1 15 10 7 11 9 3 5 4 13 6 14 9 10 2 9 16 12 13 12 6 5 7 18 8 14 8 14 9 10 10 6 9 14 0 8 13 5 16 10 14 6 10 19 8 6 3 
8 10 12 10 13 15 14 10 4 11 14 10 3 12 6 10 7 9 8 15 12 2 7 13 12 4 17 7 11 8 12 11 11 18 16 18 17 6 15 11 12 9 5 0 12 8 10 17 11 14 5 15 13 13 8 
12 13 16 10 14 17 18 10 8 14 6 10 7 12 10 14 7 13 12 11 12 6 11 5 12 8 9 8 14 12 15 14 11 10 17 10 18 6 15 2 12 13 9 4 0 12 11 19 11 11 9 17 13 13 12 
20 13 21 16 14 21 6 18 20 14 18 16 19 18 22 10 15 21 17 18 20 18 19 17 24 20 21 20 21 16 15 21 19 22 17 22 18 18 25 14 18 25 21 16 12 0 23 19 23 15 21 27 23 13 20 
5 7 12 6 4 11 11 8 9 8 12 8 11 10 11 12 5 15 8 12 7 12 9 11 20 14 15 14 13 10 9 15 2 16 7 13 8 14 17 11 2 10 8 10 9 13 0 9 13 5 6 19 15 3 10 
9 13 12 6 4 11 11 7 3 5 10 8 10 4 5 7 5 12 8 9 10 9 4 9 14 8 13 12 8 7 6 12 8 14 7 4 8 8 12 7 8 14 2 7 13 7 15 0 13 5 10 11 10 3 5 
7 9 14 8 6 13 13 7 13 10 7 11 5 13 11 14 8 14 10 8 9 11 11 6 13 13 10 9 11 12 8 11 4 11 9 11 10 7 4 3 4 12 14 9 11 13 2 11 0 7 8 6 2 5 12 
14 17 11 14 12 6 19 15 16 18 15 19 9 21 14 20 16 25 14 16 17 19 17 14 21 21 18 13 19 20 19 8 12 19 15 19 16 15 12 11 12 15 17 17 18 16 10 16 8 0 11 14 10 13 18 
3 14 7 10 8 15 11 12 4 15 11 12 4 14 3 10 9 13 3 19 14 10 7 10 13 12 14 8 11 8 7 15 13 15 11 15 12 13 15 9 12 4 5 8 7 5 11 12 17 9 0 11 13 13 8 
12 13 15 13 15 17 17 10 7 14 6 10 6 12 9 13 7 12 11 13 12 5 10 5 15 7 9 8 14 11 15 17 11 10 18 10 19 9 9 14 13 12 8 3 16 11 11 20 14 11 8 0 7 14 11 
7 11 15 10 8 15 15 5 11 12 10 12 3 14 13 16 9 12 11 6 11 9 13 9 12 11 13 7 9 14 6 9 6 14 11 14 12 13 2 13 6 12 12 7 11 15 10 13 17 9 8 10 0 7 14 
7 8 12 3 1 8 8 5 9 9 9 5 8 7 11 9 2 7 8 13 7 13 6 8 17 11 12 11 10 11 10 16 6 13 4 10 5 11 14 10 5 12 8 11 11 13 12 6 10 2 8 13 12 0 7 
12 12 5 8 6 13 13 10 10 13 7 11 8 6 12 2 8 11 14 11 13 8 11 6 13 10 10 9 3 15 5 15 11 11 9 11 10 7 7 3 10 17 11 6 10 14 12 10 12 7 13 17 5 11 0 

