55 1

1 1 1 1 1 1 1 1 1 1 1 1 1 1 1 1 1 1 1 1 1 1 1 1 1 1 1 1 1 1 1 1 1 1 1 1 1 1 1 1 1 1 1 1 1 1 1 1 1 1 1 1 1 1 1 

0 8 14 13 8 10 10 5 9 14 12 7 3 3 9 11 10 11 9 3 7 9 5 7 4 5 6 9 8 7 10 7 10 13 10 3 10 6 6 5 1 12 3 7 8 8 7 7 10 11 8 8 11 6 5 
2 0 11 9 4 6 8 7 5 11 8 6 5 5 11 8 11 3 5 5 3 6 7 8 6 7 2 1 10 9 2 9 6 9 12 5 7 8 8 7 3 3 5 9 6 10 9 9 12 8 6 5 7 8 7 
7 12 0 11 8 8 11 3 7 12 10 5 4 7 11 7 4 4 4 1 5 7 3 1 8 6 10 11 6 3 12 5 8 15 8 10 9 13 5 7 8 9 7 5 12 12 9 5 8 9 5 6 9 10 8 
7 11 15 0 8 15 10 3 7 12 11 8 9 8 5 9 12 12 6 10 12 7 4 12 9 5 11 10 15 14 11 5 15 9 8 4 11 7 6 1 8 5 10 5 8 9 3 5 17 18 7 6 11 11 8 
7 12 13 11 0 8 11 9 7 7 10 9 4 10 7 4 11 13 1 10 5 2 9 8 11 6 6 11 15 11 8 11 8 12 14 9 9 12 8 7 8 6 7 11 9 7 9 11 10 11 2 12 9 13 15 
10 14 14 3 11 0 12 6 8 15 11 11 13 11 8 11 5 14 9 13 6 10 7 2 12 7 14 12 18 8 13 8 9 12 11 7 10 10 9 4 2 8 4 8 11 12 6 8 5 6 10 9 1 14 11 
4 9 11 9 12 6 0 9 5 13 8 11 1 7 13 8 6 10 13 7 3 8 9 3 8 3 10 8 12 8 9 11 6 14 14 7 7 10 10 9 5 8 4 11 6 12 11 8 11 8 6 12 7 10 9 
14 12 13 17 5 14 9 0 4 9 8 14 10 10 8 9 15 8 6 14 11 4 6 12 11 8 13 6 10 16 7 2 14 12 5 16 9 13 8 4 14 11 11 2 14 9 6 2 12 13 7 3 13 13 5 
9 15 16 14 18 11 5 12 0 17 4 12 6 13 14 7 11 7 19 12 8 12 14 8 14 8 16 13 17 13 7 14 11 15 17 12 12 15 11 10 10 9 9 9 12 17 12 14 16 13 10 10 12 16 18 
13 13 13 15 13 12 11 12 11 0 14 5 10 13 14 10 8 12 14 14 9 10 13 5 9 5 11 10 19 11 9 9 12 6 12 14 9 17 11 10 5 12 7 14 15 15 12 11 3 4 8 15 4 11 13 
12 10 20 18 13 15 9 12 14 20 0 16 10 8 14 17 15 13 14 15 12 15 9 12 9 12 11 11 20 19 3 14 15 18 17 14 16 17 6 10 13 13 15 5 7 19 12 14 14 15 15 6 15 11 13 
10 13 8 14 13 11 6 8 10 11 13 0 7 11 10 5 7 12 12 9 8 6 11 4 12 9 14 14 14 11 9 4 11 13 7 13 4 10 9 6 4 7 6 10 10 12 8 10 7 8 10 11 3 14 7 
3 8 17 14 11 11 7 8 10 12 13 10 0 6 12 14 7 9 12 6 8 7 8 4 7 2 9 7 11 7 8 10 11 16 13 6 13 9 9 8 4 13 3 10 5 11 10 7 13 14 5 11 12 9 8 
7 5 12 10 5 7 10 4 6 12 9 12 9 0 6 9 12 8 6 10 4 7 5 9 1 6 3 6 15 15 7 6 7 10 9 6 8 9 3 2 8 9 10 6 12 11 4 6 17 9 7 7 8 3 5 
8 13 13 16 11 13 11 13 12 10 15 15 5 11 0 10 12 14 8 11 10 5 13 9 12 7 9 12 16 7 13 12 13 16 15 11 9 5 14 13 9 12 3 15 10 7 15 7 13 14 3 16 11 14 16 
10 8 13 9 11 12 7 5 9 14 14 5 8 6 7 0 8 11 12 14 9 9 6 5 7 7 9 9 19 11 4 7 12 8 10 12 9 5 4 3 5 2 7 7 5 7 5 7 8 9 10 8 4 9 11 
11 12 9 7 16 4 7 10 3 17 6 9 8 12 12 6 0 15 13 10 1 12 12 6 13 7 14 13 15 12 9 12 4 12 15 14 5 11 10 8 6 6 8 12 9 13 10 12 9 6 10 13 5 15 17 
8 13 16 16 11 13 12 13 12 10 15 15 5 11 10 13 12 0 12 11 10 5 13 9 12 7 9 12 16 12 13 15 13 16 18 11 12 14 14 13 9 15 8 15 10 10 15 12 13 14 3 16 14 14 13 
6 11 12 10 9 7 10 8 6 8 9 8 3 9 10 3 12 12 0 9 4 3 11 9 10 5 7 10 14 10 7 10 7 11 13 9 8 8 7 6 7 5 6 10 8 10 8 10 11 9 1 11 8 12 14 
6 11 12 12 7 9 10 2 6 11 11 4 3 6 10 9 10 12 8 0 6 6 2 7 7 5 9 10 5 10 11 4 9 14 7 9 8 12 4 6 7 11 6 4 8 11 8 4 7 8 9 5 8 9 7 
10 11 8 6 15 3 6 9 2 16 5 8 7 11 11 5 8 14 12 9 0 11 11 5 12 6 13 12 14 11 8 11 3 11 14 13 4 10 9 7 5 5 7 11 8 12 9 11 8 5 9 12 4 14 16 
13 16 11 18 16 15 9 11 14 5 17 13 10 15 5 8 13 15 15 9 12 0 11 10 16 10 14 15 14 14 12 13 15 11 16 16 7 10 13 11 10 10 8 13 13 5 13 13 8 9 8 14 9 18 16 
11 9 16 14 9 11 12 8 10 16 13 10 13 4 10 5 13 12 10 14 8 11 0 10 5 10 7 10 19 9 11 10 11 13 13 10 12 13 2 6 10 7 5 10 10 15 8 10 13 14 11 11 9 7 9 
14 15 12 10 19 7 10 13 6 20 9 12 11 15 15 9 3 18 16 13 4 15 15 0 16 10 17 16 18 15 12 15 7 15 18 17 8 14 13 11 9 9 11 15 12 16 13 15 12 9 13 16 8 18 20 
6 4 11 9 4 6 9 3 5 11 8 11 8 4 5 8 11 7 5 9 3 6 4 8 0 5 2 5 14 14 6 5 6 9 8 5 7 8 2 1 7 8 9 5 11 10 3 5 16 8 6 6 7 2 4 
8 13 14 12 11 9 12 13 8 10 11 14 5 11 10 11 5 7 12 11 6 5 13 11 12 0 9 5 16 12 6 15 9 12 10 11 10 14 14 13 9 11 8 15 10 10 6 12 13 11 3 16 10 14 16 
6 12 9 7 2 4 7 10 3 9 6 9 6 7 12 6 9 15 3 10 1 4 3 6 8 7 0 13 15 12 9 12 4 12 15 3 5 6 5 8 6 6 8 12 9 8 10 12 12 6 4 13 5 10 12 
10 15 18 18 13 15 14 15 14 12 17 17 7 13 12 15 14 2 14 13 12 7 11 11 14 9 11 0 18 14 1 17 15 14 12 13 14 16 13 15 11 17 10 7 12 12 8 14 15 16 5 8 16 16 18 
11 12 9 7 3 4 7 10 3 10 6 9 8 12 12 6 7 11 4 10 1 5 12 4 8 4 10 9 0 12 10 12 4 12 7 13 5 11 10 8 4 6 6 12 9 10 10 5 2 3 5 13 3 10 12 
14 15 16 16 15 13 14 14 12 16 15 8 11 10 16 11 9 13 16 17 10 11 6 6 11 6 13 11 22 0 10 12 13 19 15 16 12 19 8 12 6 13 8 16 16 16 14 12 4 5 9 17 5 13 15 
15 13 24 22 17 19 14 20 9 11 13 16 15 18 24 21 19 16 18 18 16 19 20 16 19 16 15 14 23 9 0 22 19 17 25 18 20 21 21 20 16 16 18 22 19 23 22 22 14 15 19 18 15 21 23 
11 12 11 18 9 15 9 4 8 7 12 13 8 9 6 8 13 13 10 12 12 2 5 12 10 6 12 11 17 14 12 0 15 10 3 14 7 11 7 2 12 10 9 6 9 7 4 6 10 11 6 7 11 12 3 
10 8 13 15 12 12 7 14 11 13 2 5 8 10 16 10 8 11 13 14 9 8 11 9 11 3 10 9 19 8 5 9 0 8 12 13 9 16 8 12 9 2 11 7 5 13 14 16 12 2 6 8 8 13 12 
9 11 12 10 11 7 10 10 6 11 9 12 6 11 12 9 3 8 12 13 4 6 11 9 7 1 9 6 18 15 7 12 7 0 15 12 8 15 9 8 9 9 11 12 12 11 10 12 14 9 4 13 8 9 11 
16 14 16 14 14 11 14 13 10 21 13 16 15 9 15 13 16 17 15 17 8 16 14 13 10 14 12 15 22 19 16 15 11 19 0 15 12 18 7 11 13 13 15 15 16 20 13 15 16 13 16 16 12 12 14 
3 11 11 16 11 13 9 8 12 17 15 8 6 6 12 8 14 14 12 6 10 12 8 12 7 8 9 12 11 10 13 10 13 11 13 0 7 3 9 8 4 5 6 10 8 5 10 10 13 14 13 11 11 9 11 
6 9 4 11 12 8 2 6 5 15 10 6 3 7 8 1 8 8 8 5 5 10 7 5 8 5 10 10 10 7 5 8 8 9 11 9 0 6 5 4 6 3 8 8 6 8 6 8 9 10 9 9 5 10 12 
10 13 8 15 13 12 6 8 11 17 14 10 7 12 12 5 12 12 12 6 9 12 8 9 13 9 15 14 11 11 9 10 12 13 13 13 4 0 10 8 10 7 12 10 10 2 10 10 13 14 13 11 9 15 13 
9 7 14 12 7 9 12 6 8 14 11 14 11 2 8 11 14 10 8 12 6 9 7 11 3 8 5 8 17 17 9 8 9 12 11 8 10 11 0 4 10 11 12 8 14 13 6 8 19 11 9 9 10 5 7 
12 10 15 17 7 14 9 2 6 11 10 12 10 7 4 11 11 11 8 8 11 6 3 12 8 4 10 9 13 11 10 4 14 8 7 13 11 9 5 0 13 13 7 4 7 11 2 4 15 16 9 5 15 10 7 
13 11 18 16 9 13 16 10 12 16 15 18 13 11 12 13 15 14 10 16 10 11 11 12 7 12 9 12 21 6 13 12 13 16 15 12 14 15 9 8 0 15 2 12 18 17 10 6 10 11 11 13 11 9 11 
8 6 11 14 10 11 5 11 10 14 13 3 6 11 13 8 9 9 11 12 8 9 11 7 12 7 8 7 17 6 8 7 11 6 10 11 7 14 13 9 7 0 9 13 3 16 11 13 10 11 12 14 6 9 11 
13 16 11 18 7 15 9 13 12 14 17 13 10 14 15 8 13 15 8 12 12 9 14 10 15 10 17 15 17 4 12 9 15 16 12 16 7 13 12 11 10 10 0 15 13 15 13 4 8 9 9 16 9 17 12 
15 13 20 18 13 15 16 12 14 9 6 14 17 8 14 9 17 16 14 18 12 15 4 14 9 14 11 14 23 13 9 14 15 15 17 14 16 17 6 10 14 11 9 0 14 19 12 14 12 13 15 1 13 11 13 
5 3 13 11 7 8 2 10 7 14 10 9 3 8 14 10 8 6 8 8 5 9 10 5 9 5 5 4 13 12 5 12 8 12 15 8 9 11 11 10 6 6 8 12 0 13 12 12 15 10 9 8 9 6 8 
8 11 6 13 11 10 4 6 9 15 12 8 5 10 10 3 10 10 10 4 7 10 6 7 11 7 13 12 9 9 7 8 10 11 11 11 2 8 8 6 8 5 10 8 8 0 8 8 11 12 11 9 7 13 11 
10 8 17 16 12 13 7 8 12 12 15 10 8 12 4 14 9 11 13 6 10 7 8 10 13 2 10 9 11 11 10 10 13 6 4 13 13 9 10 12 11 11 7 10 5 11 0 10 13 14 5 11 14 15 13 
10 15 16 14 3 11 14 9 10 10 13 12 7 14 11 7 11 18 4 13 8 5 10 13 15 9 9 16 18 14 11 5 11 8 8 12 12 15 12 7 11 9 10 11 12 10 9 0 13 14 5 12 12 17 8 
10 10 14 12 10 9 12 9 8 12 11 14 7 10 11 11 5 9 11 13 6 7 10 2 6 2 8 7 18 8 6 11 9 15 14 11 10 14 8 7 2 11 4 11 14 12 9 8 0 1 5 12 1 8 10 
9 14 15 13 12 10 13 14 9 11 12 15 6 12 11 12 6 8 13 12 7 6 14 12 13 1 10 6 17 13 7 16 10 13 11 12 11 15 15 14 10 12 9 16 11 11 7 13 14 0 4 17 11 15 17 
5 10 13 13 8 10 9 10 9 7 12 12 2 8 7 10 9 13 9 8 7 2 10 6 9 4 6 11 13 9 12 12 10 13 15 8 9 11 11 10 6 12 5 12 7 7 12 9 10 11 0 13 11 11 13 
14 12 19 17 12 14 15 11 13 8 16 13 16 7 13 8 16 15 13 17 11 14 3 13 8 13 10 13 22 12 14 13 14 14 16 13 15 16 5 9 13 10 8 13 13 18 11 13 11 12 14 0 12 10 12 
16 14 13 11 10 8 11 13 7 16 10 13 12 14 15 10 4 13 11 14 5 11 16 1 10 6 12 11 19 7 12 15 8 16 18 15 9 18 12 11 1 10 3 15 13 16 13 7 4 5 9 16 0 12 14 
4 2 10 11 6 8 8 9 7 12 10 8 7 7 13 7 13 5 7 7 5 7 9 10 8 9 4 3 12 13 4 11 8 11 14 7 6 10 10 9 5 5 7 11 8 12 11 11 14 10 5 7 9 0 2 
8 13 8 15 11 12 6 10 9 10 14 10 5 11 12 5 12 12 12 9 9 5 11 9 12 7 9 14 14 11 9 12 12 13 15 11 4 10 9 8 9 7 8 12 10 12 10 12 13 14 3 6 9 14 0 

