60 1

1 1 1 1 1 1 1 1 1 1 1 1 1 1 1 1 1 1 1 1 1 1 1 1 1 1 1 1 1 1 1 1 1 1 1 1 1 1 1 1 1 1 1 1 1 1 1 1 1 1 1 1 1 1 1 1 1 1 1 1 

0 12 14 15 5 12 12 10 8 10 13 9 9 17 12 14 4 7 14 12 11 7 13 22 9 10 15 14 12 10 10 12 17 12 6 15 11 18 11 11 9 13 6 16 19 6 9 4 7 10 13 8 13 12 14 10 3 7 11 6 
26 0 7 15 8 15 15 13 11 13 15 12 11 12 3 17 9 10 16 4 9 5 15 13 12 12 18 14 7 10 12 7 13 9 9 10 14 13 17 16 12 8 9 11 14 9 11 7 10 13 16 6 12 12 5 10 6 12 14 9 
24 10 0 13 6 7 13 11 9 8 7 10 11 14 9 15 9 5 9 2 9 3 15 19 10 11 16 12 7 8 10 10 15 7 7 12 12 15 9 16 10 14 7 11 9 7 4 5 8 11 6 4 10 10 11 10 4 12 12 7 
19 13 9 0 15 8 10 13 11 17 8 7 14 12 6 11 12 14 19 11 12 12 18 16 19 15 22 11 10 10 15 12 11 15 16 15 14 11 5 19 16 16 16 14 19 10 14 14 14 8 7 13 12 12 8 13 13 15 18 16 
20 10 11 7 0 9 7 5 8 13 9 4 10 13 12 9 10 13 17 7 10 8 14 22 4 13 12 9 8 7 11 9 13 13 12 11 6 14 11 17 6 13 8 12 15 1 12 10 4 5 8 7 9 9 14 11 9 13 8 1 
27 10 6 20 12 0 17 10 15 13 9 16 11 9 3 14 9 10 16 8 9 9 15 13 9 7 19 11 7 12 12 14 8 12 9 12 11 8 2 16 13 15 13 6 16 13 11 11 11 15 12 10 15 14 5 10 10 12 15 13 
9 19 13 17 10 9 0 8 7 12 9 14 14 7 12 12 13 12 20 10 18 7 18 22 14 15 17 9 16 12 15 14 6 11 11 14 9 17 11 20 11 12 11 15 18 11 15 9 9 15 8 8 2 7 14 14 8 16 13 11 
14 16 5 13 6 12 6 0 9 11 13 10 10 13 9 4 12 8 14 2 15 3 14 19 10 11 6 12 13 8 11 10 12 7 7 16 1 19 11 19 9 14 7 17 9 7 9 5 7 11 14 4 8 10 11 16 4 15 11 7 
13 15 14 11 16 13 4 10 0 13 13 8 14 9 13 14 14 10 13 12 14 13 18 23 17 13 16 14 12 10 15 12 10 9 15 7 11 10 12 21 14 5 12 16 11 5 8 15 12 9 12 9 6 12 15 7 14 17 16 13 
16 9 11 11 4 9 7 9 8 0 3 4 10 6 10 5 10 6 17 11 10 12 14 20 8 9 17 11 8 7 11 9 13 11 5 4 10 7 11 17 11 13 5 12 8 5 12 3 9 5 8 6 9 9 12 11 2 13 13 5 
31 13 19 23 13 21 20 18 16 18 0 17 14 22 16 22 12 15 19 17 12 10 18 23 17 15 23 19 10 15 15 17 23 15 14 20 19 23 19 19 17 18 7 14 24 14 14 12 15 18 21 11 18 17 15 13 11 15 19 14 
12 7 7 9 13 5 3 8 4 12 5 0 6 10 8 12 6 9 13 9 6 10 10 18 17 9 12 7 4 3 7 5 9 7 8 11 9 14 7 13 10 9 8 8 15 3 8 12 12 1 4 11 5 5 10 7 11 9 8 14 
14 11 5 14 7 8 9 6 15 8 6 11 0 10 7 10 10 8 6 7 10 8 4 17 10 5 6 5 8 1 1 3 9 13 7 12 4 15 10 17 4 16 12 12 16 8 9 10 12 12 15 9 11 3 9 11 9 13 10 8 
18 11 7 21 11 7 18 11 19 11 10 15 12 0 4 15 10 12 10 9 10 10 16 14 14 13 10 7 8 11 13 13 9 13 14 15 12 9 3 17 4 16 14 12 19 12 5 12 2 16 13 11 16 13 6 11 11 13 6 10 
22 7 9 17 10 15 15 14 16 15 14 12 8 11 0 18 6 12 13 6 6 7 12 10 14 9 14 13 4 9 9 11 17 9 11 9 12 12 14 13 12 12 11 8 13 9 8 9 14 13 16 8 12 11 2 7 8 9 18 11 
19 12 8 16 9 8 16 14 12 12 15 13 13 17 11 0 11 9 18 5 11 6 17 21 13 12 11 8 9 11 10 13 16 10 8 16 13 19 10 18 5 17 10 13 12 10 13 8 3 14 17 4 13 13 13 12 7 14 7 10 
23 8 12 11 14 10 8 12 9 10 10 11 9 14 8 16 0 7 14 14 7 15 13 18 13 13 15 9 8 8 7 10 13 8 15 13 10 16 7 7 10 11 15 12 17 8 9 13 16 6 9 16 9 7 10 6 12 3 20 15 
24 15 12 11 7 13 11 10 12 3 6 8 14 9 13 8 14 0 21 12 14 13 18 23 11 12 16 15 12 11 15 10 16 17 8 7 11 10 12 21 14 17 8 16 11 5 16 6 12 9 12 9 13 13 15 15 5 17 16 8 
19 6 5 14 11 2 14 5 10 10 6 11 7 10 5 9 11 7 0 7 5 8 11 15 4 9 11 5 9 1 8 3 9 12 6 14 6 10 4 18 10 15 8 8 18 8 7 10 8 12 15 3 5 3 7 12 9 14 12 12 
22 14 3 11 4 11 11 9 7 9 11 8 8 15 7 13 13 6 12 0 13 1 12 17 8 9 14 10 11 6 9 8 14 5 5 14 10 17 9 20 8 12 5 15 7 5 7 3 6 9 12 2 8 8 9 14 2 16 10 5 
16 1 7 9 9 9 9 8 10 10 8 6 2 12 4 12 10 10 7 5 0 6 6 14 11 7 8 7 8 3 3 5 11 10 9 11 6 14 11 17 6 9 10 12 15 3 2 8 11 7 10 7 11 5 6 11 7 13 15 7 
21 14 9 10 3 10 10 8 6 8 10 7 7 14 9 12 13 5 12 10 13 0 11 19 7 8 13 9 11 5 8 7 13 4 4 13 9 16 8 20 7 11 4 15 17 4 7 2 5 8 11 1 7 7 11 13 1 16 9 4 
14 10 12 20 11 13 5 13 12 7 10 11 11 12 3 12 9 4 16 9 9 10 0 13 15 1 17 5 7 12 8 14 11 11 3 11 11 14 6 16 11 14 12 11 15 12 11 10 14 9 12 11 7 10 5 9 9 6 18 12 
17 3 9 18 11 15 8 15 14 6 4 10 11 12 6 11 12 11 19 7 12 8 15 0 15 14 17 3 10 5 12 7 13 4 10 10 3 13 17 19 15 10 12 14 14 12 14 10 15 11 14 9 7 1 8 5 9 8 19 12 
15 17 6 14 7 13 7 1 10 12 10 11 11 9 13 5 16 9 15 3 16 4 15 23 0 12 7 9 14 5 12 7 13 8 8 7 2 10 12 23 10 15 4 18 11 8 10 6 8 12 15 5 9 7 15 17 5 19 12 8 
25 12 16 14 10 16 14 13 15 6 9 11 11 12 16 11 11 3 18 15 11 16 15 22 14 0 17 4 9 12 8 14 20 14 2 10 11 13 15 18 11 17 11 13 14 8 13 9 15 12 15 12 16 14 14 12 8 9 19 11 
8 12 12 8 1 10 8 6 9 14 10 5 11 14 13 10 11 14 18 8 11 9 15 23 5 14 0 10 9 8 12 10 14 14 13 12 7 15 12 18 7 14 9 13 16 2 13 11 5 6 9 10 10 10 15 12 10 14 9 2 
32 25 23 21 14 21 21 19 17 19 22 18 18 26 24 23 24 16 23 21 24 22 22 34 18 19 24 0 22 19 19 21 27 26 15 24 20 27 23 31 18 22 15 26 28 15 18 13 16 19 22 16 23 21 26 24 12 27 20 15 
18 3 9 13 11 7 11 10 12 11 10 8 4 12 6 14 2 8 9 7 2 8 8 13 13 5 10 9 0 5 5 7 13 5 7 10 8 13 9 9 8 8 12 4 14 5 4 10 15 9 12 9 8 7 5 3 9 5 14 12 
20 17 4 17 10 11 17 10 13 9 5 14 6 9 13 8 16 6 13 6 16 7 10 23 14 9 12 4 14 0 7 2 8 11 5 13 11 16 13 23 10 18 11 18 17 11 8 9 11 15 10 8 14 2 15 17 8 19 15 11 
17 10 8 20 10 11 8 5 14 11 9 14 3 13 10 9 9 11 9 7 9 8 7 20 6 8 9 8 7 4 0 6 12 12 10 15 3 18 13 16 3 15 10 11 14 11 11 10 12 15 18 9 10 6 12 10 9 12 9 11 
25 12 2 15 8 9 10 8 11 7 6 12 13 7 12 6 11 4 11 4 11 5 17 22 12 7 17 5 9 10 14 0 6 9 3 11 5 14 11 18 11 16 9 13 15 9 6 7 9 13 8 6 12 3 14 12 6 14 13 9 
19 12 7 15 8 8 8 2 11 13 15 12 13 1 5 6 11 10 11 4 11 5 17 15 12 13 11 8 9 10 14 12 0 9 9 18 3 10 4 18 5 16 9 13 11 9 6 7 3 13 16 6 10 12 7 12 6 14 7 9 
21 18 5 18 11 12 12 11 8 10 6 15 7 10 14 9 17 7 14 7 17 8 11 24 15 10 13 5 15 1 8 3 9 0 6 15 12 18 14 24 11 13 12 19 14 12 9 10 12 16 11 9 3 3 16 15 9 20 16 12 
25 10 13 12 8 14 12 11 13 4 7 9 11 10 14 9 9 1 16 13 9 14 15 20 12 4 17 8 7 12 12 11 17 12 0 8 12 11 13 16 15 15 9 11 12 6 11 7 13 10 13 10 14 14 12 10 6 12 17 9 
21 13 5 18 11 10 9 11 14 6 9 10 11 2 6 15 12 3 14 7 12 8 15 16 15 10 13 8 10 4 8 3 9 12 6 0 12 3 5 19 7 18 5 14 4 12 9 10 5 11 14 2 8 6 8 13 9 15 9 12 
14 21 18 22 15 14 5 13 12 10 13 14 22 12 17 17 18 7 27 15 20 12 26 27 19 20 22 14 18 17 23 19 11 16 16 14 0 17 16 25 16 17 16 22 18 16 22 14 14 15 13 13 7 12 19 19 13 21 18 16 
27 14 13 14 9 7 14 14 12 14 16 13 15 16 10 18 13 11 20 15 13 6 19 20 13 14 19 15 11 11 16 13 15 10 10 19 15 0 9 10 13 17 10 15 23 10 15 8 11 12 15 7 12 13 12 12 7 9 15 10 
25 8 4 18 10 11 15 8 13 12 7 14 9 7 1 12 7 9 14 6 7 7 13 11 14 10 17 6 5 10 10 12 6 10 11 10 9 6 0 14 11 13 11 9 14 11 9 9 9 13 10 8 13 12 3 8 8 10 13 11 
19 4 10 4 10 8 12 11 7 12 11 9 5 13 7 15 3 9 10 8 3 7 9 14 14 6 11 10 1 6 6 8 14 6 8 11 9 14 10 0 9 9 11 5 15 6 5 9 12 10 13 8 2 8 6 4 8 6 16 11 
18 7 13 17 11 11 15 14 16 11 14 12 8 16 10 18 6 12 13 11 6 12 12 17 15 9 10 13 4 9 9 11 17 9 11 14 12 17 13 13 0 12 16 8 18 9 8 14 19 13 16 13 12 11 9 7 13 9 6 12 
10 15 9 16 12 10 11 13 12 8 10 13 13 4 8 17 14 5 8 11 14 12 17 18 12 8 15 9 12 5 10 7 13 4 10 2 14 5 7 21 9 0 7 16 6 10 3 11 7 14 17 4 7 7 10 2 10 17 11 8 
25 24 16 24 17 23 17 11 20 17 20 21 18 23 17 15 23 14 25 13 23 14 22 27 21 17 17 21 21 19 15 21 22 18 13 21 12 24 16 30 18 25 0 25 20 18 20 16 18 22 25 9 15 21 19 24 15 26 22 18 
26 13 17 15 11 17 15 14 16 7 10 12 12 13 17 12 12 4 19 16 12 17 16 23 15 1 18 5 10 13 9 15 21 15 3 11 12 14 16 19 12 18 12 0 15 9 14 10 16 13 16 13 17 15 15 13 9 15 20 12 
17 9 11 19 10 6 5 11 12 10 12 14 10 12 2 15 8 12 6 8 8 7 14 12 10 11 9 6 6 7 11 9 11 11 11 14 12 17 8 15 3 14 1 10 0 11 10 9 1 15 18 8 7 9 4 9 8 11 5 11 
19 10 10 6 11 8 6 5 7 16 8 3 11 13 11 9 9 13 16 7 9 8 15 21 15 12 11 10 7 6 12 8 12 12 12 14 6 17 10 16 14 12 12 11 18 0 11 10 12 4 7 9 8 8 13 10 9 12 11 12 
25 11 10 14 7 7 14 10 10 12 11 11 12 15 10 14 16 9 5 12 10 13 16 20 9 12 17 10 14 6 13 8 14 17 8 17 11 15 9 23 11 15 8 13 21 8 0 6 9 12 15 8 10 8 12 17 5 19 13 5 
19 12 12 8 1 8 8 6 9 6 9 5 13 12 11 10 11 3 18 8 11 9 17 21 5 6 11 10 9 8 14 10 14 14 2 10 7 13 10 18 5 14 2 13 14 2 13 0 3 6 9 3 10 10 13 12 8 14 7 2 
16 9 11 19 9 5 16 14 12 9 12 13 10 14 8 18 8 11 15 13 8 6 14 18 13 11 8 5 6 11 11 13 13 11 10 13 15 16 7 15 2 14 10 10 17 10 10 8 0 14 17 7 14 13 10 9 7 11 4 10 
11 12 6 8 12 4 2 7 3 11 4 5 5 9 7 11 11 8 11 8 11 9 9 17 15 10 11 6 9 2 6 4 8 12 7 10 8 13 6 18 9 8 7 13 14 2 13 11 11 0 3 10 4 4 9 10 10 14 7 13 
28 11 7 21 13 1 16 11 17 9 1 13 12 10 4 15 10 11 17 9 10 10 16 14 17 8 20 6 8 13 13 15 9 13 10 13 12 9 3 17 14 16 8 7 17 14 12 12 12 14 0 11 18 4 6 11 11 13 16 14 
23 15 11 16 12 17 16 11 11 8 11 13 9 14 8 15 14 5 15 13 14 14 13 18 16 8 15 12 12 10 6 12 13 9 4 12 9 15 7 21 9 16 13 16 16 10 16 11 17 14 17 0 6 12 10 15 10 17 15 13 
18 15 11 15 8 17 9 13 5 13 8 12 12 14 8 17 14 10 18 13 14 5 16 18 12 13 18 7 12 10 13 12 13 9 9 12 6 15 7 21 12 10 9 16 16 9 13 7 10 13 16 6 0 5 10 12 6 17 14 9 
21 16 16 16 9 14 12 14 13 5 3 9 17 11 15 10 15 11 22 16 15 17 21 25 13 14 22 2 13 12 18 14 18 18 10 9 15 12 16 22 16 18 10 17 13 10 17 8 14 10 13 11 14 0 17 16 7 18 18 10 
20 5 7 15 8 9 13 12 14 13 12 10 6 9 8 16 4 10 11 4 4 5 10 8 12 7 12 11 2 7 7 9 15 7 9 7 10 10 11 11 10 10 9 6 11 7 6 7 12 11 14 6 10 9 0 5 6 7 16 9 
23 20 7 20 13 14 8 13 10 12 8 17 9 9 13 11 19 9 13 9 19 10 13 23 17 6 15 7 17 3 10 5 11 2 8 7 14 10 12 26 14 5 12 21 11 14 8 12 12 18 13 9 5 5 15 0 11 22 16 14 
20 13 11 9 2 11 9 7 5 7 10 6 6 14 13 11 12 4 11 9 12 10 10 23 6 7 12 11 10 7 7 9 15 14 3 12 8 15 13 19 6 10 3 14 16 3 6 1 4 7 10 4 11 9 15 12 0 15 8 3 
20 5 9 11 11 7 5 10 6 7 7 8 6 11 5 14 11 4 11 11 4 12 10 15 15 11 12 6 9 5 7 7 10 5 10 10 11 13 4 18 10 8 12 13 14 5 6 10 13 3 6 13 7 4 7 3 9 0 17 12 
12 16 16 12 5 14 12 10 13 5 8 9 17 11 15 14 15 11 22 12 15 13 21 25 9 14 4 16 13 12 18 14 18 18 10 9 11 12 16 22 16 18 10 17 13 6 17 8 14 10 13 11 14 14 17 16 7 18 0 6 
21 9 7 20 13 14 20 18 16 14 14 17 20 20 12 22 18 15 16 9 18 10 24 22 17 18 13 19 16 15 21 17 22 14 14 18 19 21 16 25 17 21 14 20 16 14 11 12 15 18 13 11 17 17 14 19 11 21 9 0 

