60 1

1 1 1 1 1 1 1 1 1 1 1 1 1 1 1 1 1 1 1 1 1 1 1 1 1 1 1 1 1 1 1 1 1 1 1 1 1 1 1 1 1 1 1 1 1 1 1 1 1 1 1 1 1 1 1 1 1 1 1 1 

0 21 23 26 15 13 16 13 5 27 14 24 20 18 22 21 21 25 16 18 19 15 22 19 25 17 21 22 21 23 13 17 22 11 19 11 10 22 15 16 21 17 10 18 22 16 15 19 21 19 17 18 7 17 18 14 15 24 17 18 
11 0 10 13 6 2 4 7 16 22 5 9 5 6 9 8 12 7 11 13 2 3 5 5 10 8 9 17 6 8 7 5 4 12 8 9 8 7 4 7 4 5 4 7 1 4 6 7 9 1 8 9 7 5 12 9 6 11 3 8 
13 11 0 10 8 13 6 9 18 16 9 10 6 8 14 12 12 16 7 9 7 6 11 7 11 10 5 18 12 10 10 8 6 8 11 11 10 13 10 9 13 8 7 9 12 7 10 3 11 10 14 11 8 7 15 5 10 12 7 9 
12 18 17 0 17 20 13 14 17 17 16 18 14 7 21 18 21 17 17 19 11 16 15 13 19 10 19 26 16 19 17 18 15 13 12 12 17 17 11 9 14 18 13 15 19 17 17 20 18 15 18 11 18 14 22 15 16 20 14 17 
14 9 9 14 0 11 7 4 9 9 10 10 6 9 18 10 13 9 9 11 11 8 7 5 11 2 11 18 8 11 9 10 7 5 4 4 6 9 13 1 6 10 1 7 10 9 8 12 9 7 8 3 4 5 14 7 8 12 8 9 
14 15 19 14 13 0 12 13 19 23 12 9 11 14 19 12 12 16 14 16 10 6 11 14 16 15 12 23 12 17 10 8 13 15 11 17 16 13 2 14 10 8 12 16 12 7 13 10 17 4 17 11 11 13 15 12 12 17 13 14 
7 5 13 14 4 7 0 8 12 15 3 13 9 2 8 6 11 13 6 8 7 5 11 9 14 6 8 21 12 13 4 7 9 11 8 5 4 13 9 5 10 7 5 11 6 6 4 6 5 6 12 7 10 1 9 8 4 12 1 12 
18 7 12 13 13 9 11 0 12 14 12 7 9 13 16 13 10 12 12 14 9 10 10 8 14 5 14 9 11 10 12 12 11 8 7 7 15 12 11 4 9 12 11 10 8 11 11 14 12 8 13 6 14 8 17 10 11 11 10 12 
18 16 18 21 10 8 11 8 0 22 9 19 15 13 19 16 16 20 11 13 9 10 17 14 20 12 16 17 16 18 15 12 17 12 14 6 5 17 10 11 16 12 5 16 17 11 10 14 16 14 12 13 14 12 20 9 10 19 12 18 
27 16 26 9 16 13 20 20 25 0 15 25 21 22 19 16 27 18 22 24 18 17 13 21 26 18 17 33 14 24 10 19 20 23 20 20 19 15 15 17 12 19 17 19 17 18 16 18 15 17 19 19 16 21 15 20 14 7 13 17 
13 11 10 10 1 9 6 5 10 16 0 10 6 8 14 8 12 10 7 9 6 2 8 6 11 3 5 18 9 10 10 4 6 8 5 5 10 10 11 2 7 4 2 8 12 3 1 3 11 6 9 4 8 7 15 5 1 12 7 9 
17 16 13 5 13 10 13 10 7 22 12 0 5 12 16 8 3 10 17 19 11 14 5 9 10 9 9 17 6 18 7 11 16 18 17 11 12 7 12 14 19 16 11 11 17 15 13 13 12 14 7 16 12 12 12 15 4 11 10 8 
17 11 15 8 13 13 10 9 12 17 13 4 0 12 20 10 7 8 12 11 8 11 9 11 5 4 7 12 10 13 11 6 11 13 11 6 14 5 15 14 13 8 6 13 12 7 7 8 11 10 9 12 10 7 16 10 8 6 11 3 
5 11 10 15 10 13 6 7 10 10 9 11 7 0 14 11 14 10 10 12 4 9 8 6 12 3 12 19 9 12 10 11 8 6 5 5 10 10 4 2 7 11 6 8 12 10 10 13 11 8 11 4 11 7 15 8 9 13 7 10 
9 1 11 12 7 3 5 8 14 10 6 7 8 4 0 9 6 8 9 3 3 4 6 6 13 7 7 20 7 9 8 6 5 10 9 9 9 8 5 6 5 6 5 8 2 5 7 5 10 2 9 8 8 6 13 7 7 14 4 11 
11 9 19 7 10 11 13 14 16 24 14 18 14 15 17 0 20 19 15 17 11 12 14 14 12 7 13 19 15 17 8 9 13 16 14 9 17 16 13 11 13 11 11 16 10 10 15 11 9 10 18 13 14 5 13 13 8 13 12 6 
17 13 14 10 10 7 10 11 14 19 9 6 2 12 13 5 0 7 14 16 8 11 2 10 7 6 6 14 3 15 4 8 13 12 11 8 14 4 9 8 13 13 8 12 14 12 10 10 9 11 8 10 9 9 9 12 1 8 7 5 
19 11 7 17 15 13 12 4 16 18 15 11 13 14 22 7 14 0 14 16 10 13 11 3 18 9 8 13 5 14 13 15 13 12 11 11 16 6 10 8 10 11 10 5 12 10 6 10 17 12 1 10 11 13 18 12 10 15 13 16 
8 12 13 8 9 14 7 2 13 9 10 8 4 3 18 10 5 9 0 2 8 7 7 8 9 6 6 16 8 11 9 9 7 9 8 8 11 6 3 5 10 9 8 10 13 8 11 4 12 11 10 7 9 8 14 6 6 6 8 7 
6 10 11 9 7 12 5 8 11 7 8 9 5 1 16 8 3 7 6 0 6 5 5 6 10 4 4 17 6 9 7 7 5 7 6 6 9 4 5 3 8 7 6 8 11 6 9 2 10 9 8 5 7 6 12 4 4 11 6 8 
9 7 15 15 6 9 2 5 14 19 5 15 11 4 10 8 13 15 8 10 0 7 13 11 16 8 10 14 14 15 6 9 11 13 10 7 6 15 11 7 12 9 2 13 8 8 6 8 7 8 9 9 12 3 11 10 6 17 3 14 
13 11 13 13 9 7 6 7 8 17 9 9 5 8 14 6 12 10 8 10 4 0 8 8 10 9 6 17 9 11 10 2 7 9 5 11 10 10 9 10 7 2 6 10 12 1 10 4 11 4 11 12 9 7 15 6 9 11 7 8 
15 8 12 13 8 5 8 9 13 14 7 8 13 10 11 3 11 5 13 15 6 9 0 8 10 5 4 17 1 16 2 7 12 10 9 7 12 2 7 6 11 11 6 10 9 10 8 9 7 9 6 8 7 9 7 11 1 11 5 4 
17 15 4 14 12 13 10 10 22 20 13 14 10 12 18 13 16 6 11 13 10 10 14 0 15 14 8 22 11 14 16 12 10 12 11 15 14 6 7 13 13 8 10 2 16 7 3 7 15 10 7 15 11 11 21 9 7 16 11 13 
12 10 10 3 10 7 11 4 17 12 9 15 11 7 13 10 9 13 12 6 12 11 11 10 0 10 10 7 12 8 4 13 11 13 12 12 15 10 9 9 14 13 1 9 11 12 8 8 9 11 8 11 10 12 9 10 10 1 7 14 
15 7 11 15 8 9 11 9 14 16 9 10 11 10 15 8 12 15 7 9 9 6 10 6 16 0 12 23 11 9 6 8 5 8 11 2 15 12 11 9 13 8 9 8 8 7 10 10 7 5 16 11 8 3 11 5 6 13 7 14 
11 9 17 12 8 11 4 5 16 19 7 17 13 6 12 5 15 11 10 12 2 9 6 14 18 10 0 14 7 15 8 11 13 15 12 9 8 8 13 9 14 11 2 16 10 10 8 10 9 10 12 11 3 5 13 12 7 16 5 10 
16 8 3 4 10 6 9 12 15 5 9 13 9 11 14 11 15 14 10 12 10 7 9 7 14 12 8 0 10 1 5 9 8 11 12 14 13 11 8 11 8 9 11 9 5 8 10 6 10 5 15 13 11 10 10 8 7 2 7 12 
14 12 11 9 11 14 7 8 19 26 10 20 16 9 15 2 18 4 13 15 5 12 9 7 14 9 3 21 0 20 11 11 16 18 15 11 11 1 16 12 17 14 5 9 13 13 11 13 12 13 5 14 6 8 16 15 10 15 8 8 
15 13 2 12 10 7 8 11 14 18 11 12 8 10 16 14 14 16 9 11 9 6 11 9 13 12 7 20 12 0 13 8 8 10 11 13 12 13 9 11 10 8 9 11 14 7 12 5 13 4 17 13 10 9 18 7 12 14 9 11 
17 6 16 13 6 3 10 10 15 21 5 15 11 12 9 6 17 10 12 14 8 7 13 11 16 8 10 23 14 14 0 9 10 13 10 10 9 15 5 7 12 9 7 9 7 8 6 8 5 7 11 9 6 11 5 10 6 17 3 14 
11 9 11 9 7 11 4 8 6 15 7 9 5 6 12 4 11 15 6 8 2 5 10 6 10 9 4 17 11 9 8 0 5 7 10 9 8 12 9 8 12 7 4 8 10 6 8 2 9 10 16 10 7 5 13 4 8 11 5 8 
20 13 6 18 13 10 13 14 16 22 12 14 10 15 16 8 17 10 13 15 11 12 5 1 15 10 9 22 6 4 7 10 0 14 12 12 17 7 12 11 14 7 11 3 14 8 4 9 12 11 11 13 3 14 12 11 6 16 10 9 
16 14 21 16 13 16 9 12 21 25 12 19 15 11 20 12 21 14 16 18 7 14 9 16 13 8 13 20 10 19 11 10 15 0 15 10 13 11 15 14 8 12 9 18 15 11 13 12 14 15 15 16 16 10 16 14 10 14 10 7 
10 8 14 15 7 10 3 2 15 16 6 9 9 5 14 6 12 8 12 11 8 4 3 11 14 8 7 11 4 12 5 6 11 13 0 8 7 5 9 8 2 6 8 13 9 5 7 8 8 9 9 10 10 4 10 10 4 13 4 7 
13 15 15 13 6 11 10 7 12 14 7 13 9 8 18 10 10 14 5 7 8 4 12 11 14 8 10 21 13 15 14 6 11 6 9 0 14 11 8 7 11 6 7 13 16 5 8 8 15 8 15 9 13 11 19 3 8 11 5 12 
13 11 14 14 5 13 6 8 18 15 4 14 10 8 14 11 11 17 6 8 9 5 12 10 15 7 11 22 13 16 10 7 12 7 9 1 0 14 9 6 11 7 6 12 12 6 5 9 11 9 18 8 9 7 15 4 5 12 7 13 
13 11 10 14 10 13 6 7 18 21 9 19 15 8 14 7 21 3 16 18 4 11 8 6 20 12 2 16 9 17 10 13 15 17 14 11 10 0 12 11 16 13 4 8 12 12 10 12 11 12 4 13 5 7 15 14 9 18 7 12 
20 18 24 25 17 20 13 12 15 26 16 19 19 15 24 16 22 18 22 24 18 14 13 21 24 18 17 21 14 22 15 16 21 23 10 18 17 15 0 18 12 16 18 23 19 15 17 18 18 19 19 9 20 14 20 20 14 23 14 17 
13 8 8 13 9 10 6 5 8 8 9 9 5 8 17 9 12 11 8 10 10 7 6 4 10 1 10 17 7 10 8 9 6 4 3 3 10 8 12 0 5 9 10 6 9 8 7 11 8 6 12 2 9 4 13 6 7 11 7 8 
16 9 13 14 9 6 9 8 8 15 8 9 14 11 12 4 12 6 14 16 7 10 1 9 11 6 5 18 2 17 3 8 13 11 6 8 13 3 8 7 0 12 7 11 10 11 9 10 8 10 7 9 8 10 8 12 2 12 6 5 
14 12 9 11 10 14 7 11 9 20 10 7 3 9 15 7 10 11 9 11 5 8 12 9 8 7 7 15 13 7 11 3 8 10 14 9 11 8 12 11 16 0 7 11 13 9 11 5 12 13 12 13 10 8 16 7 11 9 8 6 
19 10 15 16 12 12 14 3 15 17 13 10 15 14 19 13 13 15 11 13 12 10 13 9 20 8 14 12 11 13 15 12 14 12 10 6 18 12 14 7 12 12 0 11 11 11 12 14 15 11 7 9 17 11 20 9 14 14 11 18 
22 15 19 20 15 12 15 16 20 21 14 15 20 17 18 10 18 12 20 22 13 16 7 15 17 12 11 24 8 23 9 14 19 17 16 14 19 9 14 13 18 18 13 0 16 17 15 16 14 16 13 15 14 16 14 18 8 18 12 11 
14 3 9 14 5 1 7 9 19 20 4 9 10 9 8 7 12 9 11 13 5 6 4 4 15 7 8 22 5 7 6 8 3 12 9 9 11 6 3 6 3 8 6 6 0 7 5 7 12 4 10 8 6 8 11 9 5 16 2 8 
15 13 10 12 11 6 8 6 10 21 11 8 4 10 18 10 11 12 10 12 6 5 7 10 9 8 8 16 8 8 9 4 9 11 4 10 12 9 8 12 6 1 8 12 14 0 12 6 13 3 13 14 11 9 14 8 8 10 9 7 
17 16 14 16 10 10 11 10 16 18 11 12 8 12 22 14 14 16 9 11 9 8 11 12 13 9 7 20 12 12 13 10 15 10 8 11 15 13 12 8 10 5 9 14 17 4 0 12 16 7 17 10 10 12 18 7 4 14 9 11 
10 8 9 7 5 10 3 6 15 13 6 7 3 5 11 9 9 13 4 6 4 3 8 4 8 7 2 15 9 7 7 5 3 5 9 8 7 10 7 6 11 5 4 6 9 4 7 0 8 7 14 8 5 4 12 2 7 9 4 6 
21 10 20 8 9 6 14 13 18 25 8 18 14 16 12 1 20 13 15 17 12 10 16 15 13 8 13 20 17 18 3 12 14 16 13 10 12 18 8 10 15 12 10 12 11 11 6 11 0 11 14 12 9 6 8 13 9 14 6 7 
15 13 15 10 11 3 8 9 10 19 11 5 7 10 15 10 8 12 10 12 6 2 7 10 12 11 8 19 8 13 6 4 9 11 7 13 12 9 5 12 6 4 8 12 14 3 12 6 13 0 13 14 11 9 11 8 8 13 9 10 
18 10 6 16 14 12 11 3 15 17 14 10 12 13 19 6 13 8 13 15 9 12 13 2 17 8 7 12 4 13 15 14 12 11 10 10 15 5 9 7 12 10 9 4 11 9 5 9 16 11 0 9 10 12 20 11 9 14 12 15 
11 9 15 16 8 11 4 3 6 17 7 10 10 6 15 7 13 9 13 15 9 5 4 12 15 9 8 12 5 13 6 7 12 14 1 9 8 6 10 9 3 7 9 14 10 6 8 9 9 10 10 0 11 5 11 11 5 14 5 8 
23 17 20 18 19 9 16 10 18 27 19 21 17 18 25 16 23 22 18 20 14 17 20 16 15 10 16 22 18 21 16 12 17 19 17 12 20 19 11 14 19 14 7 18 18 13 20 14 17 16 14 16 0 13 21 16 16 16 17 9 
15 4 14 15 5 6 8 9 14 14 9 10 12 10 12 5 13 14 15 17 6 7 9 9 17 7 13 24 10 12 3 9 8 10 9 9 12 11 8 6 8 9 6 11 5 8 10 11 4 5 15 8 9 0 8 13 3 18 7 15 
13 5 12 16 11 7 9 9 18 14 10 11 12 8 4 13 10 5 13 7 7 8 10 8 17 11 11 24 11 13 12 10 9 14 13 13 13 12 9 10 9 10 9 4 6 9 11 9 14 6 6 12 1 10 0 11 11 18 8 15 
10 12 12 10 3 8 7 4 9 11 4 10 6 5 15 7 7 11 2 4 5 1 9 8 11 5 7 18 10 12 11 3 8 3 7 7 11 8 5 4 9 3 4 10 13 2 5 5 12 5 12 6 10 8 16 0 5 8 2 9 
20 12 16 12 13 11 13 11 15 21 14 7 9 15 20 13 10 17 12 14 11 10 12 11 14 5 13 21 13 14 11 9 10 13 9 7 17 14 13 14 11 6 14 13 13 5 15 11 12 8 18 16 13 8 16 10 0 15 12 12 
14 13 20 2 9 6 14 13 19 24 8 18 14 9 12 9 20 13 15 17 14 10 16 15 19 11 13 26 17 18 3 12 14 16 13 13 12 18 8 10 15 12 10 12 14 11 9 11 8 10 14 12 9 15 8 13 9 0 6 17 
15 13 12 12 3 11 8 7 12 18 2 12 8 10 16 10 14 15 9 11 8 4 10 8 13 5 7 20 11 12 12 6 8 10 7 7 6 12 13 4 9 6 4 10 14 5 3 5 13 8 16 6 10 9 17 7 3 14 0 11 
14 8 14 9 10 10 7 10 9 18 10 12 8 9 16 7 14 16 9 11 5 8 11 9 6 1 7 13 12 12 7 3 8 10 8 3 11 13 12 11 10 5 7 11 9 4 11 5 8 7 17 13 10 4 12 7 7 7 8 0 

