60 1

1 1 1 1 1 1 1 1 1 1 1 1 1 1 1 1 1 1 1 1 1 1 1 1 1 1 1 1 1 1 1 1 1 1 1 1 1 1 1 1 1 1 1 1 1 1 1 1 1 1 1 1 1 1 1 1 1 1 1 1 

0 11 13 10 10 7 9 12 8 6 10 10 1 15 9 14 12 13 10 16 8 18 19 10 9 19 13 1 10 4 8 10 11 13 15 7 3 11 8 3 12 7 18 6 6 2 8 7 11 12 5 5 11 8 7 12 21 11 7 9 
9 0 10 7 8 10 13 9 4 5 7 7 10 4 7 3 9 18 11 17 5 19 16 8 5 8 18 10 12 13 4 9 11 10 11 9 12 12 11 6 10 11 15 9 10 5 13 8 8 15 14 1 7 17 8 7 18 8 10 13 
7 11 0 10 11 14 13 12 8 7 10 10 8 15 10 7 6 19 8 17 8 16 19 11 10 10 11 7 15 10 15 8 5 13 9 8 4 15 6 10 13 11 5 10 10 9 14 8 11 12 10 12 11 9 12 12 21 11 7 3 
2 6 15 0 12 9 6 12 10 7 5 10 3 10 10 9 2 12 12 18 8 11 9 7 6 14 12 3 6 6 10 12 13 4 17 4 5 6 10 5 14 7 20 8 8 4 7 9 1 14 7 7 13 10 9 13 16 2 9 11 
8 6 13 6 0 15 5 11 1 8 6 9 9 10 7 9 8 12 10 17 7 18 15 6 12 14 17 9 11 12 10 10 11 9 17 10 11 11 8 11 2 3 7 7 2 10 12 8 7 18 12 7 13 16 14 5 17 7 13 16 
16 12 18 14 14 0 10 16 15 10 11 14 17 16 13 15 3 21 15 20 12 12 23 17 10 20 21 5 14 8 12 17 15 14 19 8 7 15 15 10 16 11 23 12 13 9 16 11 5 16 9 9 14 12 11 14 22 12 11 13 
6 2 12 4 10 13 0 6 4 6 1 4 7 6 5 5 6 7 9 12 2 17 13 7 7 10 12 7 6 6 6 6 9 4 13 8 9 6 11 9 12 1 10 2 5 8 7 3 5 12 11 3 9 14 13 9 12 2 7 11 
18 16 8 16 19 20 14 0 16 10 15 16 19 20 13 15 14 17 5 22 14 13 25 19 9 18 17 15 20 18 20 16 13 18 17 17 12 17 14 16 21 12 13 16 15 15 12 13 17 20 18 17 15 17 20 23 26 16 15 11 
12 13 12 10 14 19 14 14 0 10 12 12 13 17 13 8 12 21 9 18 10 17 19 12 9 11 21 8 15 11 15 9 17 13 14 7 7 15 7 14 16 12 6 16 11 14 16 9 11 18 11 12 12 12 13 4 23 11 13 15 
8 7 10 6 13 15 8 8 11 0 6 6 9 11 3 10 8 17 7 12 4 15 15 9 12 15 11 9 11 12 11 8 7 9 18 10 12 11 16 11 15 6 15 10 5 10 12 3 7 14 13 8 13 11 15 14 17 7 9 13 
10 1 11 8 9 11 8 10 5 6 0 8 11 5 8 4 10 11 12 18 6 20 17 6 6 9 11 11 5 14 5 10 12 3 12 10 12 5 12 7 11 9 16 10 11 6 6 9 6 12 13 2 8 17 9 8 11 1 13 14 
8 7 14 6 15 15 12 8 8 4 6 0 4 11 7 10 8 17 11 16 4 19 15 12 11 15 17 9 11 12 11 8 11 9 18 9 11 11 16 11 17 10 19 6 9 10 12 7 7 8 9 8 7 16 11 14 17 7 3 17 
18 14 18 16 18 16 18 18 18 15 13 16 0 18 10 17 15 12 15 22 14 23 25 17 14 16 12 14 10 17 18 15 14 16 19 12 13 11 13 19 17 16 23 20 15 20 7 13 17 13 14 15 20 18 7 21 24 14 16 21 
10 1 6 8 9 11 10 10 5 7 8 8 11 0 8 4 3 13 12 19 6 20 17 4 6 4 13 11 7 14 5 10 5 5 7 10 10 13 12 7 11 11 11 12 11 6 8 10 9 12 13 2 8 15 9 3 19 9 7 9 
11 10 7 9 18 18 14 11 11 6 9 9 12 14 0 14 5 20 4 19 7 12 18 15 14 18 20 12 14 15 14 11 4 12 16 12 11 14 13 14 20 12 12 9 12 13 15 10 10 11 12 11 10 16 14 17 20 10 6 10 
12 6 13 10 15 16 12 12 1 9 10 10 13 5 12 0 8 18 10 16 8 18 19 9 8 9 18 9 15 12 10 10 10 13 12 6 8 15 8 12 17 10 7 14 9 11 13 7 11 17 12 7 4 13 14 8 21 11 12 16 
19 16 20 17 16 16 16 19 16 12 17 17 20 20 15 15 0 19 17 23 15 9 26 14 11 18 19 15 13 18 20 19 13 11 17 13 12 13 17 12 18 17 25 15 16 11 14 14 18 20 19 17 11 14 14 23 28 18 15 11 
5 4 14 3 6 12 9 15 7 9 3 13 6 8 11 7 5 0 15 21 11 14 12 9 9 12 14 6 8 9 8 15 15 6 15 7 8 8 13 8 5 9 13 11 8 7 9 12 4 17 10 5 11 13 12 11 14 4 12 17 
15 11 3 13 14 15 9 5 11 10 10 13 16 15 10 10 9 12 0 21 11 8 22 14 14 13 12 10 15 13 15 11 8 13 12 12 7 12 9 11 16 7 8 11 14 10 7 12 14 15 13 12 10 12 15 18 21 11 10 6 
2 13 5 12 12 9 11 7 10 8 12 12 3 17 11 12 11 14 2 0 10 10 21 5 11 15 14 3 12 6 10 12 10 15 14 9 5 13 10 5 14 9 10 8 8 4 9 9 13 14 7 7 12 10 9 14 23 13 9 8 
4 3 13 2 11 11 8 4 7 6 2 2 5 7 9 6 4 13 14 18 0 13 11 8 8 11 13 5 7 8 7 4 13 5 14 6 7 7 12 7 13 9 18 10 11 6 8 9 3 10 9 4 9 12 11 10 13 3 5 16 
10 7 11 8 7 7 10 10 8 7 8 8 11 11 8 10 10 10 8 14 6 0 17 10 6 9 10 6 8 9 11 10 12 11 12 4 8 4 8 3 9 8 16 6 7 2 5 5 9 11 10 8 2 5 5 14 19 9 12 14 
8 4 14 6 12 2 12 8 8 4 3 6 9 8 7 7 5 14 11 16 4 19 0 9 9 12 14 9 8 4 8 8 11 6 15 9 10 8 16 11 14 10 19 6 9 10 9 7 7 8 9 5 7 15 11 11 14 4 3 9 
11 17 20 9 16 18 15 17 17 12 16 15 12 21 15 20 11 21 17 24 13 25 18 0 15 20 21 12 15 15 21 17 10 13 14 13 9 15 19 14 18 16 25 17 17 13 16 15 10 17 16 18 16 14 18 24 27 11 12 8 
9 8 11 7 14 16 9 9 12 1 7 7 10 12 4 11 9 18 8 13 5 16 16 10 0 16 12 10 12 13 12 9 8 10 19 11 13 12 17 12 16 7 16 11 6 11 13 4 8 15 14 9 14 12 16 15 18 8 10 14 
12 11 13 10 9 14 12 12 8 12 10 10 13 15 7 14 12 9 10 16 8 18 19 1 11 0 9 9 15 12 8 10 11 13 3 9 10 15 8 3 8 10 18 6 9 9 4 7 11 10 11 5 17 15 13 12 21 11 13 9 
14 8 12 12 8 11 8 14 8 8 9 12 15 7 11 7 10 14 9 18 10 17 21 6 7 11 0 15 5 14 12 14 15 3 14 5 1 8 18 14 10 9 17 10 10 13 9 9 13 19 12 9 6 6 14 10 20 10 14 15 
11 10 13 9 9 9 11 11 10 5 9 9 12 14 8 13 11 16 10 15 7 18 18 12 8 18 16 0 9 3 7 12 10 12 14 6 2 10 10 5 11 9 18 8 8 4 11 6 10 11 4 4 10 7 6 9 20 10 6 8 
13 4 14 11 12 6 11 13 8 9 3 11 8 8 11 7 9 14 15 21 9 23 20 9 9 12 14 14 0 17 8 13 15 6 15 13 15 8 15 10 14 12 19 13 14 9 9 12 12 15 16 5 11 20 12 11 14 4 16 17 
8 7 9 6 8 15 8 8 9 9 6 6 9 11 7 10 8 17 6 12 4 14 15 9 12 15 17 9 11 0 4 8 7 9 11 10 6 11 15 11 10 6 14 10 5 10 12 3 7 14 13 8 13 11 15 14 17 7 9 5 
12 11 10 10 4 14 9 14 5 8 10 12 13 15 3 14 8 17 7 10 10 15 19 12 7 19 17 13 11 16 0 5 7 9 22 5 14 11 15 10 6 7 15 11 6 9 12 12 11 14 15 12 13 19 12 9 21 7 9 13 
14 9 15 12 17 9 9 14 9 13 10 12 10 13 10 8 14 12 12 18 10 20 21 7 14 11 12 8 6 11 13 0 14 4 14 14 10 6 10 5 19 9 20 8 8 4 7 9 13 13 12 10 12 15 7 16 21 2 14 18 
7 6 12 5 14 14 10 7 7 2 5 5 8 10 5 9 1 16 9 15 3 17 14 11 10 14 16 8 10 11 10 7 0 8 17 8 10 10 15 10 16 8 17 5 8 9 11 6 6 7 8 7 6 15 10 13 16 6 2 15 
11 7 17 9 15 8 5 11 5 13 6 9 12 11 9 4 11 11 14 17 7 22 18 3 12 10 11 12 2 11 11 11 13 0 13 10 12 5 12 13 17 6 11 7 10 13 6 8 10 12 13 8 8 17 15 9 17 7 12 16 
11 10 18 9 15 18 8 14 12 11 9 12 12 14 10 13 7 12 15 20 10 23 18 9 15 18 12 12 14 15 14 15 14 12 0 13 8 14 13 14 17 6 23 10 5 13 7 11 10 13 14 11 17 13 16 17 20 10 16 21 
11 10 13 9 15 15 11 11 14 3 9 9 12 14 6 13 11 20 10 15 7 18 18 12 2 18 14 6 14 9 14 11 10 12 21 0 8 14 16 11 17 9 18 13 8 10 15 6 10 17 10 11 16 13 12 17 20 10 12 16 
15 14 11 13 7 19 12 15 8 7 13 13 16 18 10 18 15 19 8 19 11 16 22 13 6 22 24 10 18 13 18 15 14 16 20 4 0 18 17 15 9 10 16 14 9 14 19 10 14 21 14 15 18 5 16 12 24 14 16 14 
12 3 12 10 11 13 14 12 7 9 10 10 13 7 4 6 9 6 9 18 8 17 19 6 8 5 6 8 11 6 7 9 8 9 8 6 7 0 7 8 13 12 17 11 11 8 1 9 11 7 8 4 10 12 7 10 21 11 10 11 
11 10 5 9 10 10 11 7 9 5 9 9 12 14 8 12 11 14 2 17 7 10 18 9 9 13 14 1 8 4 8 2 10 6 7 7 3 8 0 4 12 11 10 7 10 5 9 8 10 11 4 5 12 8 6 13 20 4 6 8 
9 8 10 7 15 16 9 9 5 10 7 7 10 12 13 11 9 18 7 13 5 15 16 10 13 16 18 6 12 9 12 7 9 10 12 11 8 12 5 0 17 7 15 3 6 11 13 4 8 16 9 9 17 13 11 9 18 8 11 13 
9 4 14 7 1 16 6 12 2 9 7 10 10 8 8 7 9 18 11 18 8 19 16 7 9 12 18 10 12 13 8 11 12 10 15 11 12 12 9 12 0 4 8 8 3 11 13 9 8 19 13 5 11 17 15 6 18 8 14 17 
8 4 11 6 12 15 2 8 6 5 3 6 9 8 4 7 8 14 8 14 4 16 15 9 9 12 14 9 8 8 8 8 8 6 15 10 11 8 16 11 14 0 16 4 7 10 9 5 7 15 13 5 11 16 15 11 14 4 10 14 
8 7 6 6 11 11 8 8 3 6 6 6 9 11 9 2 8 15 3 12 4 11 15 6 10 5 15 2 9 5 11 3 8 7 8 8 4 9 1 7 13 6 0 10 5 6 10 3 7 12 5 8 6 9 7 7 17 5 7 9 
6 5 14 4 13 13 6 6 2 8 4 4 7 9 11 8 6 15 11 10 2 19 13 7 10 13 15 7 9 4 9 6 6 7 16 8 9 9 9 9 15 4 8 0 3 8 10 1 5 13 11 6 12 14 13 6 15 5 8 9 
6 5 12 4 13 13 3 9 7 6 4 7 7 9 5 8 6 15 9 15 5 17 13 4 10 13 15 7 9 10 9 9 9 7 16 8 9 9 14 9 15 1 17 5 0 8 10 6 5 16 11 6 12 14 13 12 15 5 11 15 
10 9 11 8 13 5 10 10 6 9 8 8 6 13 11 12 10 13 8 14 6 16 17 11 14 12 13 4 6 7 13 8 10 11 15 12 6 7 6 1 15 8 16 4 7 0 8 5 9 15 8 10 14 11 3 10 19 9 10 14 
11 10 11 9 11 18 11 11 12 8 9 9 12 14 3 13 8 5 8 15 7 16 18 11 7 18 5 7 10 10 14 8 7 8 13 5 6 13 6 10 10 9 16 13 8 13 0 6 10 6 7 11 13 11 9 17 20 10 9 14 
5 4 8 3 12 12 5 5 8 7 3 3 6 8 10 7 5 14 11 9 1 19 12 6 9 12 14 6 8 9 8 5 5 6 15 7 8 8 13 8 14 3 13 7 2 7 9 0 4 12 10 5 11 13 12 11 14 4 7 11 
11 7 16 9 15 18 5 11 9 6 6 9 12 11 9 10 11 17 13 17 7 21 18 12 5 15 17 12 11 11 11 11 13 9 18 3 14 11 16 14 17 6 15 7 10 13 12 8 0 17 16 8 14 19 18 14 17 7 12 19 
8 7 12 6 5 15 10 8 6 2 6 6 9 11 5 10 8 13 9 14 4 17 15 12 3 15 13 9 6 12 11 8 9 9 18 1 11 7 16 11 7 8 17 6 7 10 8 5 7 0 1 8 7 16 3 10 17 7 3 15 
7 6 11 5 14 14 9 7 5 1 5 5 8 10 4 9 7 12 8 13 3 16 14 11 10 14 12 8 5 11 10 7 8 8 17 8 10 6 15 10 16 7 16 5 6 9 7 4 6 7 0 7 6 15 2 9 16 6 2 14 
8 7 13 6 7 9 12 8 8 10 6 6 9 11 6 10 8 17 10 18 4 18 15 12 12 15 17 9 11 12 3 8 10 9 18 10 11 11 10 5 9 10 18 8 9 4 12 9 7 14 13 0 13 16 7 5 17 7 9 16 
8 7 15 6 15 15 8 8 11 5 6 6 9 11 8 10 8 17 12 12 4 20 15 9 4 15 17 9 11 12 11 8 12 9 18 2 11 11 16 11 17 6 20 10 5 10 12 3 7 13 6 8 0 16 8 14 17 7 8 18 
12 9 6 10 2 18 7 8 3 4 8 10 13 13 7 13 12 19 3 16 8 11 19 8 3 17 19 7 13 10 13 14 11 11 15 1 9 13 12 14 4 5 11 9 4 13 14 7 11 18 11 10 13 0 13 7 19 9 13 9 
16 7 16 14 15 9 14 16 11 13 6 14 17 11 8 10 12 10 13 22 12 21 23 10 12 9 10 12 3 10 11 13 12 9 12 10 11 4 11 12 17 15 21 16 15 12 5 13 15 11 12 8 14 16 0 14 17 7 14 15 
8 12 21 6 18 15 12 18 16 13 11 16 9 16 16 15 8 18 18 24 14 17 15 13 12 20 18 9 12 12 16 18 19 10 23 10 11 12 16 11 20 13 26 14 17 10 13 15 7 20 13 13 19 16 15 0 22 8 15 17 
7 3 13 5 11 14 1 7 5 3 2 5 8 7 6 6 7 13 10 13 3 18 14 8 10 11 13 8 7 7 7 7 10 5 14 8 10 7 12 10 13 2 11 3 6 9 8 4 6 7 8 4 6 15 10 10 0 3 2 12 
13 7 16 11 15 10 7 13 7 13 8 11 14 11 8 6 13 10 13 19 9 21 20 5 12 9 10 12 4 15 11 13 12 2 12 10 11 4 11 12 17 8 13 9 12 12 5 10 12 11 12 8 10 16 14 14 19 0 14 19 
5 4 11 3 12 12 9 5 5 1 3 3 6 8 4 7 5 14 8 13 1 16 12 9 8 12 14 6 8 9 8 5 8 6 15 6 8 8 13 8 14 7 16 3 6 7 9 4 4 5 6 5 4 13 8 11 14 4 0 14 
9 8 12 7 8 10 13 9 9 4 7 7 10 12 7 11 3 18 9 17 5 17 16 13 7 16 18 10 12 13 12 9 2 10 6 5 1 12 11 6 10 11 17 7 10 5 13 8 8 9 10 9 8 6 8 15 18 8 4 0 

