60 1

1 1 1 1 1 1 1 1 1 1 1 1 1 1 1 1 1 1 1 1 1 1 1 1 1 1 1 1 1 1 1 1 1 1 1 1 1 1 1 1 1 1 1 1 1 1 1 1 1 1 1 1 1 1 1 1 1 1 1 1 

0 17 24 16 18 25 18 20 17 16 15 14 15 19 21 15 18 16 15 17 13 18 18 11 16 11 23 9 17 11 16 16 16 13 12 17 10 17 12 22 22 10 16 16 13 8 14 21 21 7 13 9 11 7 18 6 17 17 17 9 
13 0 10 12 14 21 15 16 15 13 13 10 11 11 18 7 13 13 9 14 9 14 14 7 12 7 20 11 16 8 12 12 12 9 8 14 6 13 11 13 19 6 12 12 9 8 11 17 18 3 15 9 7 7 4 6 13 17 13 5 
12 5 0 7 4 14 9 9 7 5 5 7 8 16 12 8 3 9 6 10 2 7 4 1 9 4 16 6 13 5 9 9 9 9 5 8 5 6 8 15 13 3 9 5 6 7 7 8 8 8 12 8 4 9 8 13 10 14 10 5 
18 11 15 0 16 16 17 11 11 9 9 13 13 7 20 15 14 15 9 13 8 6 15 12 12 11 22 10 16 8 8 15 15 13 13 16 17 12 11 18 21 16 22 11 18 12 13 13 14 13 14 8 7 11 3 12 16 13 9 9 
6 4 9 9 0 10 5 5 3 5 1 7 7 12 8 11 12 5 4 6 11 3 9 8 8 7 12 6 13 5 5 5 9 9 10 4 11 2 8 11 9 10 16 1 2 3 3 21 10 7 12 4 4 8 4 9 8 12 6 5 
8 7 16 13 11 0 6 16 8 4 10 7 12 13 9 11 9 4 5 5 10 14 10 2 7 7 11 5 12 6 9 11 6 11 9 5 1 13 7 10 10 7 13 12 13 3 2 18 9 10 9 4 8 2 9 13 13 13 10 7 
15 9 15 14 12 16 0 11 11 7 9 7 13 7 3 5 12 6 7 12 4 9 11 10 14 10 13 8 15 11 9 9 9 14 10 7 15 8 10 17 4 15 21 7 6 9 9 10 11 12 12 8 10 8 12 13 15 16 6 10 
10 7 4 11 8 5 11 0 11 5 9 2 2 13 8 12 7 9 5 10 6 11 8 5 9 8 16 6 14 7 4 13 4 12 5 10 6 10 9 15 9 7 13 9 10 5 7 12 14 9 7 6 6 7 12 8 10 11 5 8 
15 10 15 9 6 16 11 11 0 9 7 13 13 8 14 10 14 11 10 12 6 9 6 12 14 12 18 10 16 11 11 11 15 16 10 10 17 8 11 17 15 10 16 7 8 9 9 12 16 13 14 5 10 14 1 15 5 9 12 12 
14 9 22 9 15 16 11 18 15 0 13 6 14 11 14 7 5 11 7 7 15 13 6 3 13 3 18 1 14 11 8 14 8 7 9 12 9 15 9 12 15 9 15 14 11 6 9 20 16 12 5 7 10 7 9 12 14 9 9 3 
16 3 17 11 8 18 13 13 2 11 0 15 15 10 16 14 16 13 12 14 8 11 8 10 15 10 20 12 18 11 13 13 17 12 11 12 9 10 13 19 17 9 15 9 10 11 11 14 18 6 16 7 10 10 3 9 7 11 14 8 
8 5 18 9 9 19 12 14 12 3 10 0 16 11 6 10 8 10 3 7 16 7 9 6 7 6 17 4 14 5 2 14 2 10 3 11 10 11 9 12 7 10 16 10 11 6 8 10 15 7 5 7 4 5 13 6 8 9 3 6 
14 12 16 16 15 25 18 20 12 7 10 7 0 18 13 9 12 16 10 14 18 14 13 10 14 10 23 8 12 11 9 11 9 14 9 17 14 13 7 19 14 14 20 16 17 3 14 17 21 11 12 4 10 12 13 13 14 16 10 10 
18 5 10 13 10 20 15 15 4 13 2 14 17 0 9 6 10 13 8 14 12 13 10 8 16 11 20 14 9 13 15 5 16 14 13 14 11 12 12 6 10 11 17 11 12 8 11 6 18 8 19 1 12 12 5 11 9 13 12 10 
12 9 18 13 9 19 5 14 8 7 6 4 12 4 0 10 12 3 7 11 9 12 13 10 11 10 10 8 12 9 6 11 6 14 7 4 14 11 7 10 1 14 20 10 11 6 12 10 8 11 9 5 8 5 9 10 12 13 3 10 
18 4 17 9 12 18 11 13 13 9 13 15 15 17 14 0 14 9 2 14 6 11 6 4 16 11 16 10 21 8 13 9 17 13 12 10 10 10 16 19 15 10 16 9 6 11 11 12 14 7 14 12 11 11 9 10 11 15 14 9 
11 5 14 4 12 22 11 17 10 7 8 4 9 10 6 5 0 9 3 12 9 11 1 10 10 1 16 8 10 6 6 9 6 7 6 10 11 11 5 7 7 4 10 13 14 10 9 15 14 8 9 11 5 9 4 10 11 13 7 10 
9 6 15 13 6 16 2 11 4 8 7 5 13 8 5 7 13 0 4 12 6 9 10 11 12 11 7 9 13 10 7 11 7 15 8 1 12 8 8 17 6 12 18 7 8 9 9 12 5 9 10 7 9 10 5 11 9 6 8 11 
15 2 19 13 10 20 13 15 13 11 11 12 13 13 16 9 16 11 0 12 11 13 10 9 14 9 18 12 19 6 14 15 14 11 10 12 8 12 14 17 17 8 14 11 12 10 9 19 16 5 17 11 9 9 6 8 9 13 15 7 
9 8 11 12 10 9 13 15 7 11 5 12 7 15 16 13 8 11 10 0 13 9 9 5 10 9 18 9 7 6 11 6 14 12 4 12 10 8 2 5 17 9 15 11 12 9 9 20 16 6 13 10 5 10 8 15 9 13 8 8 
10 8 11 12 14 12 9 7 11 3 15 9 9 12 12 10 8 7 6 8 0 5 9 6 10 6 14 4 15 7 7 14 11 10 12 8 13 4 10 13 13 14 13 3 16 5 5 6 6 11 8 6 6 10 6 11 16 12 8 6 
12 5 9 6 10 10 9 5 10 3 8 7 7 9 12 10 8 7 3 8 11 0 9 6 6 6 14 4 10 2 2 9 9 10 7 8 11 12 5 13 13 10 16 11 12 6 5 15 12 7 8 7 1 5 9 6 12 7 3 6 
11 11 19 3 12 20 13 15 15 11 13 12 9 10 16 13 15 11 14 12 8 13 0 14 10 9 18 9 14 6 14 13 14 15 6 12 17 12 9 17 17 4 10 11 14 13 9 15 16 14 13 11 5 12 3 18 11 15 10 11 
17 14 19 20 18 24 8 19 15 12 13 9 15 15 11 10 16 14 12 16 12 16 17 0 16 6 21 13 15 14 11 14 11 19 12 15 6 16 10 12 12 19 25 15 14 15 17 18 19 16 14 16 13 14 16 15 17 18 12 15 
10 8 13 13 4 14 9 9 7 9 5 11 11 8 12 15 14 9 8 10 15 7 13 6 0 11 16 10 13 9 9 9 13 13 10 8 15 6 8 15 13 14 20 5 6 7 7 14 14 11 16 8 8 12 8 13 12 6 10 9 
11 8 13 14 12 22 15 17 9 6 7 3 9 14 9 4 10 13 6 10 10 10 11 9 10 0 20 7 9 8 5 8 5 13 6 14 13 14 4 6 10 13 19 13 10 9 11 16 18 10 8 10 7 8 10 9 11 12 6 9 
15 11 5 12 9 15 8 10 10 10 10 12 12 15 11 11 8 6 9 11 7 8 9 6 13 7 0 11 14 10 10 6 14 9 10 7 10 7 9 16 12 8 14 6 3 5 8 13 11 14 17 6 9 9 11 14 15 19 11 5 
13 8 15 16 14 22 12 17 11 8 9 5 11 10 15 6 12 10 6 11 17 12 13 11 12 2 17 0 11 10 7 10 7 6 8 11 14 12 6 8 16 14 20 13 10 5 8 16 15 11 4 6 9 6 12 11 13 8 8 2 
13 6 19 5 10 14 6 15 4 4 11 5 10 13 9 6 1 4 4 5 10 13 2 7 7 2 11 5 0 7 7 11 7 11 7 5 12 12 7 10 10 5 11 11 12 11 2 16 9 9 10 12 6 10 5 11 9 13 8 7 
14 5 16 14 12 15 7 17 9 5 9 6 12 7 10 7 10 5 9 6 11 15 11 8 8 3 12 6 12 0 8 11 8 12 9 6 11 14 7 11 11 8 14 13 14 11 3 13 10 8 11 5 9 11 10 12 14 5 9 8 
9 3 18 10 9 14 11 14 12 1 10 7 12 8 14 8 6 9 1 5 15 12 7 4 5 4 16 2 12 4 0 11 5 8 9 10 8 11 7 10 15 8 14 10 11 4 7 19 14 5 8 5 9 3 10 4 14 12 1 4 
17 13 5 12 9 19 14 14 12 10 10 12 13 21 17 13 8 14 11 15 7 12 9 6 14 9 8 11 18 10 14 0 14 17 10 13 10 11 13 20 18 8 14 10 11 12 12 13 13 16 17 13 9 17 13 18 15 19 15 13 
12 7 14 11 13 15 12 10 10 8 8 12 12 9 7 16 11 10 5 12 16 5 12 10 11 12 17 9 10 7 7 9 0 15 7 11 13 11 5 8 8 13 19 12 9 11 12 8 15 10 3 10 6 10 11 11 12 7 8 11 
26 24 28 29 27 37 30 32 24 22 22 19 24 30 25 21 25 28 22 26 25 26 26 23 26 23 35 23 24 23 21 23 21 0 21 29 22 29 19 31 26 22 28 28 25 15 26 33 33 19 24 16 22 19 25 18 26 28 22 21 
5 10 15 6 6 16 9 11 9 7 7 8 10 9 12 9 11 7 10 8 13 9 6 10 6 5 14 5 10 2 10 11 10 11 0 8 12 8 5 13 13 12 18 7 8 7 5 15 12 9 9 8 1 6 10 14 5 9 4 7 
11 10 14 12 5 15 1 10 3 8 6 8 12 8 4 6 13 7 8 11 5 8 9 11 13 11 14 9 18 10 10 10 10 15 11 0 16 7 13 16 5 13 19 6 7 8 8 11 12 13 13 9 9 9 4 14 8 12 7 11 
18 6 20 21 19 25 9 20 16 13 14 10 16 16 12 11 17 15 4 17 13 17 18 1 17 7 22 14 16 14 12 15 12 15 13 16 0 17 11 13 13 12 18 16 15 16 18 23 20 9 15 17 13 15 10 16 18 19 13 11 
12 4 10 7 11 11 5 6 7 4 8 5 8 10 8 9 9 3 2 9 9 1 10 7 7 5 10 5 10 3 3 9 7 7 7 4 10 0 5 14 9 10 16 12 13 1 6 15 8 7 10 2 2 6 8 7 12 8 4 3 
7 6 9 10 8 18 11 13 5 9 3 10 5 11 14 11 6 9 8 10 11 7 7 8 8 7 16 7 5 4 9 4 12 10 2 10 7 6 0 15 15 7 13 9 10 7 7 18 14 4 11 8 3 8 6 13 7 11 6 6 
14 16 13 20 17 14 11 9 20 14 18 11 11 18 14 16 16 18 14 19 15 20 17 14 18 17 25 15 23 16 13 22 13 21 14 19 15 19 18 0 15 16 22 18 19 14 16 21 10 18 16 12 15 16 21 17 19 20 14 17 
21 8 13 8 13 23 18 18 7 16 5 17 20 3 12 9 13 16 11 17 15 16 13 11 19 14 23 17 12 16 18 8 19 17 16 17 14 15 15 9 0 14 20 14 15 11 14 9 21 11 22 4 15 15 8 14 12 16 15 13 
7 7 17 6 8 18 9 13 11 7 9 8 5 9 12 9 11 7 11 8 13 11 8 10 6 5 14 5 10 2 10 9 10 11 2 8 13 10 5 13 13 0 6 9 10 8 5 11 12 10 9 9 1 8 9 14 7 11 6 7 
17 12 13 20 8 18 10 13 11 13 9 15 15 12 13 15 16 8 12 14 15 11 17 7 16 15 15 14 21 13 13 8 12 17 18 9 19 10 16 19 14 16 0 9 5 11 11 5 13 15 15 12 12 16 5 17 16 19 14 13 
13 5 8 8 11 9 6 4 8 4 10 6 6 11 9 10 11 4 3 5 10 2 12 7 7 6 11 5 12 4 4 11 8 8 9 5 10 1 7 10 10 7 13 0 13 2 2 18 9 8 11 3 3 7 9 8 13 9 5 4 
12 8 11 11 9 12 5 7 7 7 10 9 9 12 8 13 14 3 6 8 9 5 13 10 10 9 10 8 15 7 7 3 11 11 12 4 13 4 10 13 9 10 16 3 0 5 5 15 8 11 14 6 6 10 8 11 12 16 8 7 
11 9 13 14 12 22 15 17 9 7 7 4 9 15 10 6 10 13 7 11 15 11 11 10 11 11 20 8 9 8 6 8 6 14 6 14 11 10 4 16 11 11 17 13 14 0 11 14 18 8 9 1 7 9 10 10 11 13 7 10 
11 5 14 11 9 12 4 14 6 2 8 8 10 11 7 9 7 2 6 3 8 12 8 5 5 5 9 3 10 7 10 9 10 9 7 3 11 11 5 8 8 5 11 10 11 8 0 16 7 8 7 9 6 9 7 14 11 11 11 5 
19 16 21 22 20 26 10 21 17 14 15 11 17 17 13 12 18 16 14 18 14 19 19 2 18 8 23 15 17 16 13 16 13 21 14 17 8 18 12 14 14 21 27 17 16 17 19 0 21 18 16 18 15 16 18 17 19 20 14 17 
4 9 14 15 5 15 12 10 8 10 6 12 12 6 15 7 11 10 9 11 16 8 12 15 13 12 17 11 10 10 10 10 14 14 15 11 16 7 13 16 16 15 21 6 7 8 8 12 0 12 17 2 9 13 9 14 13 17 11 10 
10 12 17 9 11 18 12 13 14 10 12 7 8 12 15 8 14 10 10 11 6 11 11 4 9 4 17 8 13 5 9 9 9 6 5 11 3 10 8 10 16 3 9 9 6 7 8 14 15 0 12 8 4 6 12 13 10 14 10 2 
13 4 17 16 14 18 11 13 10 13 8 15 11 6 14 15 12 9 2 14 15 11 13 11 14 11 16 14 11 10 13 9 17 13 8 10 10 10 6 12 15 10 16 9 6 11 11 12 14 7 0 7 9 11 11 10 13 4 14 9 
21 9 19 13 10 20 14 15 13 12 11 13 17 15 17 5 9 12 7 13 11 13 10 9 15 10 19 13 8 15 15 15 15 18 13 13 15 12 11 18 18 15 21 11 12 7 10 17 17 12 18 0 14 18 14 19 9 13 16 14 
11 6 13 5 9 19 8 14 9 6 7 7 9 8 11 8 10 6 10 7 12 12 11 9 5 4 13 4 9 1 9 8 9 10 6 7 12 11 4 12 12 9 15 10 11 12 4 14 11 9 8 6 0 12 8 13 11 6 10 6 
6 10 14 15 13 23 11 18 10 8 8 5 10 11 14 7 11 9 8 10 16 12 12 11 12 7 16 9 10 4 7 9 7 15 7 10 12 11 5 15 15 12 18 14 15 1 7 17 14 9 10 2 8 0 11 11 12 9 8 11 
15 13 16 11 15 17 14 12 11 8 9 14 14 7 17 15 13 12 11 13 5 10 14 11 11 11 19 9 15 7 12 14 16 15 12 13 18 9 10 18 18 19 25 8 17 10 10 11 11 16 13 8 6 15 0 16 16 12 13 11 
11 13 18 10 12 19 13 14 11 11 9 8 9 13 16 9 12 11 11 12 7 12 12 5 10 5 18 9 11 6 10 10 10 7 6 12 4 11 6 11 17 4 10 10 7 2 9 15 16 1 13 3 5 1 12 0 11 15 11 3 
10 5 10 4 1 11 8 6 4 6 2 8 8 6 11 5 12 6 5 7 12 4 1 9 9 8 13 7 11 6 6 6 10 10 5 7 12 3 6 12 12 5 11 2 3 4 4 16 11 8 13 5 5 9 5 10 0 4 7 6 
9 7 11 12 10 20 13 15 6 11 4 12 7 2 16 8 8 11 10 12 13 9 9 10 10 9 18 9 7 6 11 6 14 12 4 12 9 8 2 8 17 9 15 11 12 9 9 8 16 6 13 3 5 10 7 15 9 0 8 8 
11 10 13 14 12 22 15 17 9 12 7 9 9 7 18 10 10 13 12 14 15 11 11 12 12 6 20 11 9 6 11 8 11 14 6 14 11 10 4 12 19 11 17 13 14 3 11 13 18 8 14 4 7 2 10 15 11 15 0 10 
13 10 15 16 14 24 17 19 11 8 9 5 11 16 11 6 12 15 8 12 12 12 13 11 12 2 22 9 11 8 7 10 7 4 8 16 15 16 6 8 12 15 21 15 12 5 13 18 20 12 10 6 9 4 12 11 13 14 8 0 

