60 1

1 1 1 1 1 1 1 1 1 1 1 1 1 1 1 1 1 1 1 1 1 1 1 1 1 1 1 1 1 1 1 1 1 1 1 1 1 1 1 1 1 1 1 1 1 1 1 1 1 1 1 1 1 1 1 1 1 1 1 1 

0 8 6 5 11 6 9 8 13 9 7 2 12 9 8 7 4 11 13 4 12 9 2 14 9 4 9 11 8 9 11 6 13 14 13 11 5 12 10 9 9 12 7 12 11 7 12 9 14 3 8 8 9 6 14 13 13 19 12 5 
3 0 2 8 7 7 8 2 12 3 10 3 10 6 11 10 7 4 7 7 13 12 5 8 1 7 7 12 9 8 8 9 8 7 9 8 8 10 4 10 12 5 10 11 5 1 15 12 8 6 6 5 1 9 7 5 6 18 5 8 
12 8 0 14 5 12 17 10 12 11 12 11 18 14 11 13 12 12 15 13 12 18 14 16 9 16 15 10 11 15 13 14 10 15 12 6 16 9 12 9 18 13 16 9 13 9 14 18 16 15 14 13 9 14 15 13 8 16 6 15 
14 11 13 0 15 10 9 8 16 4 10 4 14 17 5 10 14 8 13 11 14 4 16 14 12 9 13 7 13 8 10 6 12 11 13 10 18 7 10 11 10 9 14 11 11 7 13 16 9 10 12 9 12 13 11 15 12 18 8 7 
7 3 5 9 0 7 12 5 7 6 7 6 13 9 11 11 7 7 10 8 7 13 9 11 4 11 10 14 6 13 11 9 5 10 12 10 11 4 7 4 13 8 11 4 8 4 9 13 11 10 9 8 4 9 10 8 8 11 1 10 
7 4 6 5 8 0 9 6 18 7 3 7 14 10 8 4 4 8 11 9 9 9 9 12 5 7 3 16 11 6 9 6 10 11 13 12 12 12 8 11 10 9 12 9 9 5 13 14 12 8 2 9 5 11 11 10 10 16 9 7 
13 9 11 9 6 12 0 11 13 4 12 12 19 15 15 9 13 13 16 11 13 6 15 17 10 9 15 14 12 11 17 15 11 16 4 10 17 9 13 10 16 14 14 10 9 10 15 16 9 10 14 14 10 13 16 14 12 17 7 16 
13 9 11 10 6 5 14 0 14 8 8 3 5 15 13 9 9 8 5 14 13 14 15 17 10 12 8 18 12 11 9 11 11 11 13 14 17 8 13 10 14 9 17 10 14 10 6 10 13 13 7 9 10 16 11 14 14 17 7 11 
12 9 11 10 13 6 15 8 0 12 8 9 13 14 10 12 10 13 13 9 6 14 14 14 10 9 9 9 13 14 12 12 18 16 15 9 10 16 10 3 6 14 12 17 11 7 9 11 17 8 8 14 10 2 16 7 7 24 14 3 
8 9 11 6 13 14 15 11 12 0 8 10 15 17 11 5 13 13 16 7 14 10 10 17 10 5 16 10 11 7 13 12 11 16 12 6 13 13 13 15 12 14 10 10 14 10 15 12 5 6 10 11 10 9 16 15 8 17 14 13 
4 1 3 2 5 8 9 3 12 4 0 4 11 7 4 11 8 5 8 8 6 6 6 9 2 8 8 9 11 9 9 10 10 8 10 9 9 9 5 9 13 6 11 12 6 2 9 13 9 7 7 6 2 10 8 7 7 19 6 9 
17 14 16 13 18 10 19 16 17 5 13 0 20 13 16 13 14 18 21 12 19 17 19 22 15 10 13 15 16 15 15 16 19 21 17 11 9 20 18 20 17 19 15 18 19 15 20 17 10 11 12 16 15 14 21 20 13 25 19 15 
8 4 6 10 1 8 13 6 8 7 8 7 0 10 12 12 8 8 11 9 8 14 10 12 5 12 11 15 7 14 4 10 6 11 13 11 12 5 8 5 14 9 12 5 9 5 10 14 12 11 10 9 5 10 11 9 9 12 2 11 
13 10 12 4 14 12 13 7 19 8 9 8 14 0 9 11 13 8 12 10 7 8 15 13 5 8 12 8 14 13 2 10 13 7 14 8 11 11 9 4 5 9 13 16 10 6 8 15 13 9 11 9 11 12 11 8 8 23 6 2 
12 9 11 8 10 5 14 8 20 12 8 9 9 15 0 9 9 3 13 11 14 12 14 14 6 12 8 21 15 11 13 11 15 6 8 17 17 15 10 14 16 4 14 14 11 7 19 16 17 10 7 4 10 13 6 15 15 21 4 12 
8 7 9 6 11 11 13 6 14 10 6 10 13 13 10 0 8 11 9 5 12 10 10 10 8 3 9 18 7 2 15 10 6 14 11 14 13 12 6 17 10 12 8 5 12 8 13 10 15 4 5 9 8 7 13 11 12 12 12 11 
14 10 2 12 7 9 5 4 14 9 12 5 13 18 4 12 0 7 9 11 10 11 16 10 8 9 9 12 13 10 5 2 12 10 9 8 14 12 6 7 6 8 14 13 7 3 9 16 14 10 8 8 11 13 10 11 11 20 8 3 
14 10 12 5 7 10 12 5 17 9 13 6 6 19 11 15 11 0 10 8 14 9 16 11 3 12 10 19 12 11 10 9 12 3 5 15 15 12 7 11 13 1 11 14 8 4 16 13 14 7 7 1 11 10 3 12 13 21 1 10 
10 7 9 8 10 6 9 8 9 10 6 2 9 13 8 9 10 3 0 8 12 12 12 14 6 6 9 12 11 6 15 6 10 6 8 12 15 3 10 12 9 4 11 9 11 7 12 5 15 7 8 4 8 10 6 13 13 16 4 6 
8 5 7 1 12 11 10 7 9 8 10 8 15 11 6 11 12 9 12 0 8 5 10 13 6 8 12 15 4 9 13 7 13 12 14 11 12 8 9 12 5 10 3 12 10 6 8 5 13 9 13 10 6 2 12 9 9 19 9 6 
6 3 5 4 7 5 14 5 14 6 2 6 13 8 6 10 9 7 10 10 0 8 8 11 4 13 8 7 13 12 10 11 12 10 12 3 4 11 7 11 13 8 13 11 8 4 11 15 11 9 7 8 4 7 10 1 1 18 8 10 
10 7 9 3 11 6 12 9 16 10 6 10 17 13 11 8 10 11 11 7 12 0 12 12 8 5 9 10 9 4 15 9 8 14 13 15 15 3 8 14 12 12 10 7 12 8 15 12 15 6 8 12 8 9 14 13 13 14 4 10 
10 7 9 3 12 4 13 9 11 10 7 10 17 7 10 8 8 11 14 2 10 7 0 15 8 10 7 9 6 10 9 10 14 14 16 9 3 10 11 7 7 12 5 13 12 8 10 7 15 11 6 12 8 4 14 11 11 20 11 3 
12 9 2 6 7 5 14 11 14 12 8 12 12 8 9 11 9 6 16 5 14 10 7 0 10 10 8 8 9 9 10 11 12 9 1 4 4 13 13 11 10 7 8 12 6 10 13 10 7 4 7 7 10 7 9 1 2 19 7 11 
14 11 13 8 10 13 15 8 15 14 16 4 9 17 14 17 14 3 13 11 17 12 16 14 0 14 13 18 10 14 13 12 15 6 8 18 18 15 10 14 11 4 9 17 11 7 14 11 19 10 10 4 12 13 6 15 16 24 4 12 
7 4 6 3 8 13 12 6 11 7 3 7 14 10 7 3 11 8 11 2 9 7 9 12 5 0 11 16 6 5 12 9 9 11 13 12 12 10 8 14 7 9 5 8 9 5 10 7 12 1 8 9 5 4 11 10 10 15 9 8 
11 8 3 13 8 10 6 5 15 11 13 6 14 14 5 8 1 8 10 12 11 17 13 11 9 10 0 13 14 10 6 3 13 11 10 9 15 13 7 8 7 9 15 13 8 4 10 17 16 11 4 9 9 14 11 12 12 20 9 4 
11 10 7 9 11 6 10 9 17 13 9 10 10 16 1 3 5 4 14 8 15 13 13 15 7 6 4 0 10 5 3 7 9 7 9 13 16 16 11 12 11 5 11 8 12 8 14 13 18 7 8 5 11 10 7 16 16 15 5 8 
4 1 3 3 8 10 13 3 11 4 13 4 11 7 8 9 8 5 8 2 17 7 6 9 2 10 8 13 0 11 9 10 13 8 10 9 9 10 5 14 7 6 5 14 6 2 10 7 9 7 7 6 2 4 8 6 7 21 6 8 
6 5 7 4 9 12 11 4 12 8 4 8 9 11 8 4 6 9 7 3 10 8 8 8 6 1 7 16 5 0 13 8 4 12 9 12 11 10 4 15 8 10 6 3 10 6 11 8 13 2 3 10 6 5 11 9 10 10 10 9 
17 14 13 11 11 10 16 5 15 10 13 6 12 19 15 15 11 6 10 14 21 15 19 11 3 12 10 19 16 11 0 13 15 5 12 15 15 13 7 18 17 7 17 14 8 4 11 15 15 13 9 7 15 16 9 12 13 21 7 14 
14 11 6 10 11 7 3 2 12 7 10 3 11 10 2 10 8 5 7 9 8 14 16 8 8 7 7 7 13 8 12 0 12 8 7 7 12 10 4 5 4 6 12 11 5 1 7 14 12 8 6 6 5 11 8 9 9 18 6 1 
2 2 4 4 9 8 11 4 7 5 9 4 12 11 10 9 6 6 9 3 13 8 4 10 3 6 9 14 1 11 13 8 0 9 11 10 7 11 6 10 8 7 6 14 7 3 4 8 10 5 10 7 3 5 9 7 8 8 7 7 
11 8 10 6 8 13 9 8 15 5 16 9 7 14 8 10 11 11 13 15 14 10 13 14 9 13 10 15 17 12 11 6 16 0 13 11 16 13 10 11 10 12 18 15 11 7 13 20 10 14 4 12 9 17 4 13 14 22 9 7 
14 13 15 9 12 14 10 9 12 16 12 10 11 19 9 12 14 5 14 8 18 13 16 15 8 9 14 14 12 8 17 7 12 8 0 14 19 16 11 15 11 6 11 11 5 8 14 13 21 10 11 6 14 10 8 16 17 18 6 8 
15 14 11 8 15 10 14 13 21 12 13 14 14 20 5 7 9 8 18 12 19 12 17 19 11 10 8 4 14 9 7 11 13 11 6 0 20 15 15 16 15 9 15 12 11 12 18 17 17 11 12 9 15 8 11 20 2 19 9 12 
8 5 7 6 9 1 10 7 19 8 4 8 15 4 9 5 5 9 12 10 11 10 10 13 6 8 4 12 12 7 6 7 11 12 14 13 0 13 9 8 9 10 13 10 10 6 12 15 13 9 3 10 6 12 12 10 11 17 10 6 
7 4 6 5 8 3 12 6 15 7 3 7 14 10 7 7 7 8 11 11 9 9 9 12 5 10 6 16 14 9 12 9 13 11 13 12 12 0 8 12 13 9 14 12 9 5 12 16 12 11 5 9 5 13 11 10 10 19 1 10 
13 10 6 10 11 9 9 8 12 13 9 5 12 12 8 12 4 6 3 9 14 14 15 4 9 9 3 12 13 14 9 6 18 9 5 8 8 6 0 11 10 7 12 17 11 7 13 8 11 8 7 7 11 11 9 5 6 24 7 7 
9 6 8 7 10 8 16 5 12 9 5 6 10 11 9 13 11 10 10 13 3 11 11 11 7 12 10 10 16 11 13 13 15 13 12 6 7 13 7 0 12 11 16 14 8 4 11 8 14 13 10 11 7 10 13 4 4 21 11 9 
10 7 9 6 11 16 15 9 14 5 6 10 17 13 10 6 14 11 14 5 12 10 12 15 8 3 14 15 9 8 6 12 12 14 16 11 15 13 11 17 0 12 8 11 12 8 3 10 10 4 11 12 8 7 14 13 13 18 12 11 
13 9 11 4 6 14 13 11 16 8 15 8 5 15 9 14 13 12 16 7 13 8 15 17 10 13 16 11 11 12 9 10 11 15 4 14 17 11 13 10 12 0 10 10 9 10 15 12 13 6 16 13 10 9 2 14 14 17 7 11 
5 2 4 4 9 11 14 4 6 5 8 5 12 8 10 8 9 6 9 3 12 8 7 10 3 5 9 9 1 10 10 11 14 9 11 10 10 11 6 9 2 7 0 13 7 3 5 2 10 6 8 7 3 5 9 7 8 20 7 3 
3 3 5 5 10 9 8 5 13 6 10 5 11 12 7 10 3 7 10 4 13 9 5 11 4 7 10 15 2 12 8 5 1 10 12 11 8 12 7 10 9 8 7 0 8 4 5 9 11 6 11 8 4 6 8 8 9 7 8 6 
9 8 10 7 12 15 14 7 7 11 7 11 12 14 11 7 9 12 10 6 13 11 11 11 9 4 10 19 8 3 6 11 7 11 12 15 14 13 7 10 11 13 9 6 0 9 14 11 16 5 6 13 9 8 14 12 13 13 13 10 
13 10 9 11 7 6 12 1 11 7 9 2 6 15 11 11 7 9 6 10 17 15 15 7 11 8 6 15 12 7 10 9 11 12 8 11 11 9 3 14 13 10 13 10 4 0 7 11 12 9 5 10 11 12 12 8 9 17 8 10 
21 18 11 15 16 14 9 20 23 13 17 21 21 17 18 20 18 15 25 14 23 19 16 9 19 19 17 17 18 18 19 20 22 18 10 13 13 22 22 20 19 16 17 21 15 19 0 19 18 13 16 16 19 16 18 10 11 28 16 20 
14 11 13 10 15 13 17 13 4 9 10 14 16 18 8 10 12 10 18 9 10 14 16 19 7 7 11 7 13 12 10 14 16 13 15 7 14 17 15 7 4 11 12 15 16 12 7 0 7 8 15 11 12 6 13 11 9 22 11 1 
16 16 12 9 16 11 15 6 7 13 15 9 15 21 6 8 10 9 11 13 13 13 18 20 12 11 9 5 15 10 8 12 14 12 7 1 17 14 16 10 13 10 16 13 12 13 12 18 0 12 13 10 17 9 12 14 3 20 10 10 
9 6 8 2 10 12 11 8 10 9 11 9 9 12 7 12 13 10 13 1 9 6 11 14 7 9 13 16 5 10 14 8 14 13 15 12 13 9 10 13 6 11 4 13 11 7 9 6 14 0 14 5 7 3 13 10 10 20 10 7 
7 4 6 12 11 13 12 6 20 7 14 7 14 10 5 14 7 8 11 11 17 16 9 12 5 11 6 16 15 12 12 9 16 6 13 12 12 14 8 14 13 9 14 15 9 5 12 16 12 10 0 9 5 13 11 9 10 22 9 10 
11 8 10 10 5 12 19 10 12 11 12 6 4 14 16 12 14 5 15 11 12 14 13 16 2 9 15 19 13 8 8 16 12 8 10 15 16 9 12 9 16 6 14 11 13 9 19 16 16 10 11 0 9 13 8 13 13 18 6 17 
12 9 1 9 6 8 17 11 13 2 11 12 19 5 12 7 12 13 16 12 12 13 14 17 10 10 11 11 14 9 7 14 13 12 18 7 7 10 13 9 10 14 15 12 14 10 13 17 7 11 10 14 0 14 16 4 5 19 7 7 
15 12 14 8 16 18 17 14 16 15 17 15 15 18 13 18 19 16 19 7 15 12 17 20 13 15 19 22 11 16 20 14 20 19 21 18 19 15 16 19 12 17 10 19 17 13 15 12 20 6 20 11 13 0 19 16 16 26 16 13 
11 7 9 2 4 12 11 9 16 6 13 6 3 13 7 12 11 10 14 7 11 6 13 15 8 11 14 9 10 10 7 8 9 13 16 12 15 9 11 8 12 11 10 8 12 8 15 12 11 6 14 11 8 9 0 12 12 15 5 9 
11 8 10 9 12 4 13 10 13 11 7 11 17 7 8 10 8 11 15 15 14 13 13 16 9 13 7 7 17 12 9 10 16 14 9 3 3 16 12 11 12 12 18 15 13 9 15 20 6 14 6 12 9 7 14 0 1 22 12 9 
17 16 13 6 17 12 16 15 23 10 15 10 16 22 7 9 11 10 20 14 21 10 19 21 13 12 10 6 16 11 9 13 15 13 8 2 22 13 17 18 17 11 17 14 13 14 20 19 15 13 14 11 17 6 13 22 0 21 11 14 
12 8 6 3 5 9 12 10 9 7 12 7 4 12 8 15 12 11 15 9 15 7 14 4 9 12 12 12 11 11 8 9 10 14 5 8 8 10 12 12 9 12 12 9 13 9 12 5 12 8 11 12 9 11 1 5 6 0 6 6 
16 13 12 14 10 9 15 4 14 10 12 5 9 18 14 14 10 12 9 13 20 18 18 10 14 11 9 18 15 10 13 12 14 15 11 14 14 12 6 17 16 13 16 13 7 3 10 14 15 12 8 13 14 15 15 11 12 20 0 13 
13 10 12 9 16 12 16 9 17 8 9 10 15 15 7 9 11 9 14 8 7 13 15 15 6 6 10 6 12 11 9 13 15 12 14 6 11 16 11 4 3 10 11 14 12 8 6 13 13 7 14 10 11 10 12 8 8 21 10 0 

